No.,pair_name,display_pair_name,token_1_name,token_1_address,token_2_name,token_2_address,total_tvl,total_day_volume,total_week_volume,total_month_volume,raydium_pool_count,meteora_pool_count,sum_of_raydium_and_meteora_pool_count,required_raydium_pool_count,required_sum_of_raydium_and_meteora_pool_count,required_total_day_trade_volume,required_minimum_total_tvl
1,So11111111111111111111111111111111111111112-Ey59PH7Z4BFU4HjyKnyMdWt5GGN76KazTAwQihoUXRnk,WSOL-LAUNCHCOIN,WSOL,So11111111111111111111111111111111111111112,LAUNCHCOIN,Ey59PH7Z4BFU4HjyKnyMdWt5GGN76KazTAwQihoUXRnk,2131114.54,31975004.65,351676499.57,389949940.03,4,14,18,1,2,400,20000
2,So11111111111111111111111111111111111111112-Dz9mQ9NzkBcCsuGPFJ3r1bS4wgqKMHBPiVuniW8Mbonk,WSOL-USELESS,WSOL,So11111111111111111111111111111111111111112,USELESS,Dz9mQ9NzkBcCsuGPFJ3r1bS4wgqKMHBPiVuniW8Mbonk,1085306.83,9202337.32,110240290.66,130994672.06,2,13,15,1,2,400,20000
3,So11111111111111111111111111111111111111112-JB2wezZLdzWfnaCfHxLg193RS3Rh51ThiXxEDWQDpump,WSOL-LABUBU,WSOL,So11111111111111111111111111111111111111112,LABUBU,JB2wezZLdzWfnaCfHxLg193RS3Rh51ThiXxEDWQDpump,748605.52,6213451.64,14927422.98,17152466.94,3,6,9,1,2,400,20000
4,So11111111111111111111111111111111111111112-AQQg4MDZUNhportScwoSLKZyg2d59uJNiw7Bp58fbonk,WSOL-BONKED,WSOL,So11111111111111111111111111111111111111112,BONKED,AQQg4MDZUNhportScwoSLKZyg2d59uJNiw7Bp58fbonk,129628.92,6066461.43,6453967.9,14380557.47,1,3,4,1,2,400,20000
5,So11111111111111111111111111111111111111112-3HfLqhtF5hR5dyBXh6BMtRaTm9qzStvEGuMa8Gx6pump,WSOL-buidl,WSOL,So11111111111111111111111111111111111111112,buidl,3HfLqhtF5hR5dyBXh6BMtRaTm9qzStvEGuMa8Gx6pump,708609.66,5991732.69,15912622.24,18100196.13,2,5,7,1,2,400,20000
6,So11111111111111111111111111111111111111112-HtTYHz1Kf3rrQo6AqDLmss7gq5WrkWAaXn3tupUZbonk,WSOL-KORI,WSOL,So11111111111111111111111111111111111111112,KORI,HtTYHz1Kf3rrQo6AqDLmss7gq5WrkWAaXn3tupUZbonk,238879.4,5318929.84,11916372.8,11916372.8,1,3,4,1,2,400,20000
7,So11111111111111111111111111111111111111112-XC78JjRHnSqaysrHiTrhR8eRngFbvX3rrHyRjWEpump,WSOL-KEKIUS,WSOL,So11111111111111111111111111111111111111112,KEKIUS,XC78JjRHnSqaysrHiTrhR8eRngFbvX3rrHyRjWEpump,268782.19,4993415.98,7457317.38,7468625.59,2,5,7,1,2,400,20000
8,So11111111111111111111111111111111111111112-7tPPYTBKrFLKKnoCwijrsfjAYadyp7GpAmSPUbVwbonk,WSOL-Petunia,WSOL,So11111111111111111111111111111111111111112,Petunia,7tPPYTBKrFLKKnoCwijrsfjAYadyp7GpAmSPUbVwbonk,564448.04,4766530.09,52022646.43,52022646.43,3,8,11,1,2,400,20000
9,ukHH6c7mMyiWCf1b9pnWe25TSpkDDt3H5pQZgZ74J82-So11111111111111111111111111111111111111112,BOME-WSOL,BOME,ukHH6c7mMyiWCf1b9pnWe25TSpkDDt3H5pQZgZ74J82,WSOL,So11111111111111111111111111111111111111112,27848419.17,4191849.35,87785684.06,146089130.19,3,9,12,1,2,400,20000
10,So11111111111111111111111111111111111111112-5mbK36SZ7J19An8jFochhQS4of8g6BwUjbeCSxBSoWdp,WSOL-$michi,WSOL,So11111111111111111111111111111111111111112,$michi,5mbK36SZ7J19An8jFochhQS4of8g6BwUjbeCSxBSoWdp,4011004.52,3717497.07,29138704.16,59996106.6,3,20,23,1,2,400,20000
11,So11111111111111111111111111111111111111112-FtUEW73K6vEYHfbkfpdBZfWpxgQar2HipGdbutEhpump,WSOL-titcoin,WSOL,So11111111111111111111111111111111111111112,titcoin,FtUEW73K6vEYHfbkfpdBZfWpxgQar2HipGdbutEhpump,2335706.11,3630679.46,79808964.11,179002887.7,1,16,17,1,2,400,20000
12,So11111111111111111111111111111111111111112-AtortPA9SVbkKmdzu5zg4jxgkR4howvPshorA9jYbonk,WSOL-IKUN,WSOL,So11111111111111111111111111111111111111112,IKUN,AtortPA9SVbkKmdzu5zg4jxgkR4howvPshorA9jYbonk,404126.64,2832202.78,84136473.76,84136473.76,2,10,12,1,2,400,20000
13,So11111111111111111111111111111111111111112-Grass7B4RdKfBCjTKgSqnXkqjwiGvQyFbuSCUJr3XXjs,WSOL-GRASS,WSOL,So11111111111111111111111111111111111111112,GRASS,Grass7B4RdKfBCjTKgSqnXkqjwiGvQyFbuSCUJr3XXjs,1814086.94,2790570.41,30106959.01,55729998.06,5,32,37,1,2,400,20000
14,9wK8yN6iz1ie5kEJkvZCTxyN1x5sTdNfx8yeMY8Ebonk-So11111111111111111111111111111111111111112,Hosico-WSOL,Hosico,9wK8yN6iz1ie5kEJkvZCTxyN1x5sTdNfx8yeMY8Ebonk,WSOL,So11111111111111111111111111111111111111112,1065091.75,2531300.25,53279131.07,199919905.72,3,13,16,1,2,400,20000
15,So11111111111111111111111111111111111111112-FeR8VBqNRSUD5NtXAj2n3j1dAHkZHfyDktKuLXD4pump,WSOL-jellyjelly,WSOL,So11111111111111111111111111111111111111112,jellyjelly,FeR8VBqNRSUD5NtXAj2n3j1dAHkZHfyDktKuLXD4pump,3196468.44,2170864.37,56330351.33,130326865.33,3,42,45,1,2,400,20000
16,So11111111111111111111111111111111111111112-AUSD1jCcCyPLybk1YnvPWsHQSrZ46dxwoMniN4N2UEB9,WSOL-AUSD,WSOL,So11111111111111111111111111111111111111112,AUSD,AUSD1jCcCyPLybk1YnvPWsHQSrZ46dxwoMniN4N2UEB9,5313238.82,1864619.9,21442493.91,52891258.65,2,0,2,1,2,400,20000
17,So11111111111111111111111111111111111111112-BQX1cjcRHXmrqNtoFWwmE5bZj7RPneTmqXB979b2pump,WSOL-Italianrot,WSOL,So11111111111111111111111111111111111111112,Italianrot,BQX1cjcRHXmrqNtoFWwmE5bZj7RPneTmqXB979b2pump,715090.72,1794557.14,14304928.36,75810027.59,2,8,10,1,2,400,20000
18,So11111111111111111111111111111111111111112-CniPCE4b3s8gSUPhUiyMjXnytrEqUrMfSsnbBjLCpump,WSOL-pwease,WSOL,So11111111111111111111111111111111111111112,pwease,CniPCE4b3s8gSUPhUiyMjXnytrEqUrMfSsnbBjLCpump,1223674.5,1707739.65,18135100.04,64743656.69,3,23,26,1,2,400,20000
19,So11111111111111111111111111111111111111112-8yxD7uSEyEKpJqaSiunworBFzirAsRXKNjD2X1mdbonk,WSOL-Glonk,WSOL,So11111111111111111111111111111111111111112,Glonk,8yxD7uSEyEKpJqaSiunworBFzirAsRXKNjD2X1mdbonk,266889.09,1677410.46,91580147.46,91580147.46,4,10,14,1,2,400,20000
20,So11111111111111111111111111111111111111112-eL5fUxj2J4CiQsmW85k5FG9DvuQjjUoBHoQBi2Kpump,WSOL-UFD,WSOL,So11111111111111111111111111111111111111112,UFD,eL5fUxj2J4CiQsmW85k5FG9DvuQjjUoBHoQBi2Kpump,2859571.24,1639275.63,18001805.21,47039916.8,2,34,36,1,2,400,20000
21,Hax9LTgsQkze1YFychnBLtFH8gYbQKtKfWKKg2SP6gdD-So11111111111111111111111111111111111111112,TAI-WSOL,TAI,Hax9LTgsQkze1YFychnBLtFH8gYbQKtKfWKKg2SP6gdD,WSOL,So11111111111111111111111111111111111111112,1430612.62,1446738.28,11974939.99,73167378.74,2,16,18,1,2,400,20000
22,12KQdb3hu3RTN5nFM1podCHfaoPLATQ6jzcsAg5zbonk-So11111111111111111111111111111111111111112,umi-WSOL,umi,12KQdb3hu3RTN5nFM1podCHfaoPLATQ6jzcsAg5zbonk,WSOL,So11111111111111111111111111111111111111112,69314.91,1391140.79,2074797.24,2074797.24,1,2,3,1,2,400,20000
23,So11111111111111111111111111111111111111112-8x5VqbHA8D7NkD52uNuS5nnt3PwA8pLD34ymskeSo2Wn,WSOL-ZEREBRO,WSOL,So11111111111111111111111111111111111111112,ZEREBRO,8x5VqbHA8D7NkD52uNuS5nnt3PwA8pLD34ymskeSo2Wn,5269139.35,1377286.31,26402940.18,146523746.31,3,25,28,1,2,400,20000
24,BYZ9CcZGKAXmN2uDsKcQMM9UnZacija4vWcns9Th69xb-So11111111111111111111111111111111111111112,BOTIFY-WSOL,BOTIFY,BYZ9CcZGKAXmN2uDsKcQMM9UnZacija4vWcns9Th69xb,WSOL,So11111111111111111111111111111111111111112,971265.48,1299534.39,11324297.63,27033219.03,2,5,7,1,2,400,20000
25,7BgBvyjrZX1YKz4oh9mjb8ZScatkkwb8DzFx7LoiVkM3-So11111111111111111111111111111111111111112,SLERF-WSOL,SLERF,7BgBvyjrZX1YKz4oh9mjb8ZScatkkwb8DzFx7LoiVkM3,WSOL,So11111111111111111111111111111111111111112,44724327.78,1292380.39,35747927.12,64448778.3,2,14,16,1,2,400,20000
26,So11111111111111111111111111111111111111112-Hg8bKz4mvs8KNj9zew1cEF9tDw1x2GViB4RFZjVEmfrD,WSOL-,WSOL,So11111111111111111111111111111111111111112,,Hg8bKz4mvs8KNj9zew1cEF9tDw1x2GViB4RFZjVEmfrD,10269634.29,1256995.36,43417998.73,243956261.42,3,0,3,1,2,400,20000
27,So11111111111111111111111111111111111111112-dpfZvKKTu2CEJ9zJz28Cu733m1zGbuQk9FS7T8wpump,WSOL-ICM,WSOL,So11111111111111111111111111111111111111112,ICM,dpfZvKKTu2CEJ9zJz28Cu733m1zGbuQk9FS7T8wpump,334850.37,1207483.91,29241748.41,29753093.76,2,8,10,1,2,400,20000
28,So11111111111111111111111111111111111111112-rndrizKT3MK1iimdxRdWabcF7Zg7AR5T4nud4EkHBof,WSOL-RENDER,WSOL,So11111111111111111111111111111111111111112,RENDER,rndrizKT3MK1iimdxRdWabcF7Zg7AR5T4nud4EkHBof,1846232.44,1189407.73,12972182.89,40856963.36,3,8,11,1,2,400,20000
29,CDBdbNqmrLu1PcgjrFG52yxg71QnFhBZcUE6PSFdbonk-So11111111111111111111111111111111111111112,LetsBONK-WSOL,LetsBONK,CDBdbNqmrLu1PcgjrFG52yxg71QnFhBZcUE6PSFdbonk,WSOL,So11111111111111111111111111111111111111112,439947.38,1108964.89,22757137.43,162223021.81,3,12,15,1,2,400,20000
30,So11111111111111111111111111111111111111112-C7heQqfNzdMbUFQwcHkL9FvdwsFsDRBnfwZDDyWYCLTZ,WSOL-$COLLAT,WSOL,So11111111111111111111111111111111111111112,$COLLAT,C7heQqfNzdMbUFQwcHkL9FvdwsFsDRBnfwZDDyWYCLTZ,1263398.56,1055512.76,9115367.41,21149453.35,3,18,21,1,2,400,20000
31,So11111111111111111111111111111111111111112-Dfh5DzRgSvvCFDoYc2ciTkMrbDfRKybA4SoFbPmApump,WSOL-pippin,WSOL,So11111111111111111111111111111111111111112,pippin,Dfh5DzRgSvvCFDoYc2ciTkMrbDfRKybA4SoFbPmApump,2510246.8,1048484.85,33374155.86,63398353.15,2,24,26,1,2,400,20000
32,So11111111111111111111111111111111111111112-6NcdiK8B5KK2DzKvzvCfqi8EHaEqu48fyEzC8Mm9pump,WSOL-STONKS,WSOL,So11111111111111111111111111111111111111112,STONKS,6NcdiK8B5KK2DzKvzvCfqi8EHaEqu48fyEzC8Mm9pump,2513839.2,970004.92,10807898.39,35384312.09,3,19,22,1,2,400,20000
33,So11111111111111111111111111111111111111112-AgYVbX4CueNVrBAXZh84DoFQtZhG6wpi3JgXHyCKpump,WSOL-rick,WSOL,So11111111111111111111111111111111111111112,rick,AgYVbX4CueNVrBAXZh84DoFQtZhG6wpi3JgXHyCKpump,161162.56,921711.27,2740233.63,4297428.98,2,0,2,1,2,400,20000
34,So11111111111111111111111111111111111111112-2z1p8xCEjRzpBHjXWrx4tJnz7BFL6z7NnvbCxH7bpump,WSOL-San,WSOL,So11111111111111111111111111111111111111112,San,2z1p8xCEjRzpBHjXWrx4tJnz7BFL6z7NnvbCxH7bpump,683992.61,864950.13,6789344.68,18050058.72,2,12,14,1,2,400,20000
35,So11111111111111111111111111111111111111112-FWAr6oWa6CHg6WUcXu8CqkmsdbhtEqL8t31QTonppump,WSOL-PVS,WSOL,So11111111111111111111111111111111111111112,PVS,FWAr6oWa6CHg6WUcXu8CqkmsdbhtEqL8t31QTonppump,859412.83,859379.44,8727899.81,28714350.37,2,11,13,1,2,400,20000
36,So11111111111111111111111111111111111111112-9McvH6w97oewLmPxqQEoHUAv3u5iYMyQ9AeZZhguYf1T,WSOL-Anon,WSOL,So11111111111111111111111111111111111111112,Anon,9McvH6w97oewLmPxqQEoHUAv3u5iYMyQ9AeZZhguYf1T,1263089.1,834654.6,15095717.59,48714389.95,3,26,29,1,2,400,20000
37,JmMRbLcKgNCu17yHZDAn4strE5NjmWJ4pCeJ7s7boop-So11111111111111111111111111111111111111112,Boopa-WSOL,Boopa,JmMRbLcKgNCu17yHZDAn4strE5NjmWJ4pCeJ7s7boop,WSOL,So11111111111111111111111111111111111111112,212355.18,785656.88,6277679.07,44431442.63,2,10,12,1,2,400,20000
38,So11111111111111111111111111111111111111112-Hjw6bEcHtbHGpQr8onG3izfJY5DJiWdt7uk2BfdSpump,WSOL-SNAI,WSOL,So11111111111111111111111111111111111111112,SNAI,Hjw6bEcHtbHGpQr8onG3izfJY5DJiWdt7uk2BfdSpump,1928902.14,774984.54,11283445.77,31547718.78,2,21,23,1,2,400,20000
39,So11111111111111111111111111111111111111112-HgBRWfYxEfvPhtqkaeymCQtHCrKE46qQ43pKe8HCpump,WSOL-Bert,WSOL,So11111111111111111111111111111111111111112,Bert,HgBRWfYxEfvPhtqkaeymCQtHCrKE46qQ43pKe8HCpump,1455705.36,710437.82,7874187.44,17817012.5,4,7,11,1,2,400,20000
40,25hAyBQfoDhfWx9ay6rarbgvWGwDdNqcHsXS3jQ3mTDJ-So11111111111111111111111111111111111111112,MANEKI-WSOL,MANEKI,25hAyBQfoDhfWx9ay6rarbgvWGwDdNqcHsXS3jQ3mTDJ,WSOL,So11111111111111111111111111111111111111112,8075958.71,709812.13,6201095.93,67943279.12,2,16,18,1,2,400,20000
41,So11111111111111111111111111111111111111112-EzYEwn4R5tNkNGw4K2a5a58MJFQESdf1r4UJrV7cpUF3,WSOL-MYCO,WSOL,So11111111111111111111111111111111111111112,MYCO,EzYEwn4R5tNkNGw4K2a5a58MJFQESdf1r4UJrV7cpUF3,554265.69,688170.99,4737102.34,4737102.34,2,0,2,1,2,400,20000
42,So11111111111111111111111111111111111111112-Cy1GS2FqefgaMbi45UunrUzin1rfEmTUYnomddzBpump,WSOL-MOBY,WSOL,So11111111111111111111111111111111111111112,MOBY,Cy1GS2FqefgaMbi45UunrUzin1rfEmTUYnomddzBpump,1023231.99,668506.96,9499915.93,23564339.74,2,41,43,1,2,400,20000
43,So11111111111111111111111111111111111111112-J3NrhzUeKBSA3tJQjNq77zqpWJNz3FS9TrX7H7SLKcom,WSOL-COM,WSOL,So11111111111111111111111111111111111111112,COM,J3NrhzUeKBSA3tJQjNq77zqpWJNz3FS9TrX7H7SLKcom,322890.96,663613.05,7539124.01,14785573.24,2,5,7,1,2,400,20000
44,So11111111111111111111111111111111111111112-CNvitvFnSM5ed6K28RUNSaAjqqz5tX1rA5HgaBN9pump,WSOL-FRED,WSOL,So11111111111111111111111111111111111111112,FRED,CNvitvFnSM5ed6K28RUNSaAjqqz5tX1rA5HgaBN9pump,1378937.14,630291.17,15053307.41,23308019.39,2,16,18,1,2,400,20000
45,EPjFWdd5AufqSSqeM2qN1xzybapC8G4wEGGkZwyTDt1v-HhJpBhRRn4g56VsyLuT8DL5Bv31HkXqsrahTTUCZeZg4,USDC-$MYRO,USDC,EPjFWdd5AufqSSqeM2qN1xzybapC8G4wEGGkZwyTDt1v,$MYRO,HhJpBhRRn4g56VsyLuT8DL5Bv31HkXqsrahTTUCZeZg4,1766437.97,622944.08,7992575.34,29293026.53,2,0,2,1,2,400,20000
46,6ogzHhzdrQr9Pgv6hZ2MNze7UrzBMAFyBBWUYp1Fhitx-So11111111111111111111111111111111111111112,RETARDIO-WSOL,RETARDIO,6ogzHhzdrQr9Pgv6hZ2MNze7UrzBMAFyBBWUYp1Fhitx,WSOL,So11111111111111111111111111111111111111112,1510754.33,606445.45,7398653.13,17194374.75,2,20,22,1,2,400,20000
47,So11111111111111111111111111111111111111112-zBTCug3er3tLyffELcvDNrKkCymbPWysGcWihESYfLg,WSOL-zBTC,WSOL,So11111111111111111111111111111111111111112,zBTC,zBTCug3er3tLyffELcvDNrKkCymbPWysGcWihESYfLg,423774.22,571704.53,14041376.58,52420225.94,1,6,7,1,2,400,20000
48,So11111111111111111111111111111111111111112-4FkNq8RcCYg4ZGDWh14scJ7ej3m5vMjYTcWoJVkupump,WSOL-LUMO,WSOL,So11111111111111111111111111111111111111112,LUMO,4FkNq8RcCYg4ZGDWh14scJ7ej3m5vMjYTcWoJVkupump,869169.74,557885.82,6028052.66,43712803.6,3,15,18,1,2,400,20000
49,7XJiwLDrjzxDYdZipnJXzpr1iDTmK55XixSFAa7JgNEL-So11111111111111111111111111111111111111112,MLG-WSOL,MLG,7XJiwLDrjzxDYdZipnJXzpr1iDTmK55XixSFAa7JgNEL,WSOL,So11111111111111111111111111111111111111112,1298079.21,541799.34,8397722.11,16203420.59,1,18,19,1,2,400,20000
50,So11111111111111111111111111111111111111112-3B5wuUrMEi5yATD7on46hKfej3pfmd7t1RKgrsN3pump,WSOL-BILLY,WSOL,So11111111111111111111111111111111111111112,BILLY,3B5wuUrMEi5yATD7on46hKfej3pfmd7t1RKgrsN3pump,1453914.55,538932.43,8532719.79,14514677.18,3,32,35,1,2,400,20000
51,So11111111111111111111111111111111111111112-9Wkcek2EZFmJf5L2XmC5rfnNVBrdndbMe6yW8fbfbonk,WSOL-CHACHA,WSOL,So11111111111111111111111111111111111111112,CHACHA,9Wkcek2EZFmJf5L2XmC5rfnNVBrdndbMe6yW8fbfbonk,139958.93,526788.88,7958682.14,36812127.97,1,7,8,1,2,400,20000
52,MEFNBXixkEbait3xn9bkm8WsJzXtVsaJEn4c8Sam21u-EPjFWdd5AufqSSqeM2qN1xzybapC8G4wEGGkZwyTDt1v,ME-USDC,ME,MEFNBXixkEbait3xn9bkm8WsJzXtVsaJEn4c8Sam21u,USDC,EPjFWdd5AufqSSqeM2qN1xzybapC8G4wEGGkZwyTDt1v,1785394.53,490936.86,3326041.85,11453124.18,4,28,32,1,2,400,20000
53,So11111111111111111111111111111111111111112-H4phNbsqjV5rqk8u6FUACTLB6rNZRTAPGnBb8KXJpump,WSOL-SSE,WSOL,So11111111111111111111111111111111111111112,SSE,H4phNbsqjV5rqk8u6FUACTLB6rNZRTAPGnBb8KXJpump,944195.13,475374.34,7493198.14,22037356.71,3,19,22,1,2,400,20000
54,So11111111111111111111111111111111111111112-GekTNfm84QfyP2GdAHZ5AgACBRd69aNmgA5FDhZupump,WSOL-GRIFT,WSOL,So11111111111111111111111111111111111111112,GRIFT,GekTNfm84QfyP2GdAHZ5AgACBRd69aNmgA5FDhZupump,1339031.76,473949.01,15493174.43,31950332.48,2,18,20,1,2,400,20000
55,So11111111111111111111111111111111111111112-9DHe3pycTuymFk4H4bbPoAJ4hQrr2kaLDF6J6aAKpump,WSOL-BUZZ,WSOL,So11111111111111111111111111111111111111112,BUZZ,9DHe3pycTuymFk4H4bbPoAJ4hQrr2kaLDF6J6aAKpump,1083995.43,464157.8,10692340.67,31036147.89,2,28,30,1,2,400,20000
56,DvjbEsdca43oQcw2h3HW1CT7N3x5vRcr3QrvTUHnXvgV-EPjFWdd5AufqSSqeM2qN1xzybapC8G4wEGGkZwyTDt1v,DOOD-USDC,DOOD,DvjbEsdca43oQcw2h3HW1CT7N3x5vRcr3QrvTUHnXvgV,USDC,EPjFWdd5AufqSSqeM2qN1xzybapC8G4wEGGkZwyTDt1v,695127.45,452558.28,4991007.48,16814779.28,2,12,14,1,2,400,20000
57,So11111111111111111111111111111111111111112-FasH397CeZLNYWkd3wWK9vrmjd1z93n3b59DssRXpump,WSOL-BUTTCOIN,WSOL,So11111111111111111111111111111111111111112,BUTTCOIN,FasH397CeZLNYWkd3wWK9vrmjd1z93n3b59DssRXpump,977098.66,450410.94,7580168.1,39385373.86,2,14,16,1,2,400,20000
58,JosjEXh69RckgSs2AWsN1xN8zmiSHxBuJjHLURJnHhg-So11111111111111111111111111111111111111112,JOS-WSOL,JOS,JosjEXh69RckgSs2AWsN1xN8zmiSHxBuJjHLURJnHhg,WSOL,So11111111111111111111111111111111111111112,541483.71,444453.48,6954194.68,50464926.77,3,11,14,1,2,400,20000
59,So11111111111111111111111111111111111111112-ZEUS1aR7aX8DFFJf5QjWj2ftDDdNTroMNGo8YoQm3Gq,WSOL-ZEUS,WSOL,So11111111111111111111111111111111111111112,ZEUS,ZEUS1aR7aX8DFFJf5QjWj2ftDDdNTroMNGo8YoQm3Gq,402540.33,382120.49,7308290.17,24910680.36,1,23,24,1,2,400,20000
60,So11111111111111111111111111111111111111112-HBoNJ5v8g71s2boRivrHnfSB5MVPLDHHyVjruPfhGkvL,WSOL-PURPE,WSOL,So11111111111111111111111111111111111111112,PURPE,HBoNJ5v8g71s2boRivrHnfSB5MVPLDHHyVjruPfhGkvL,1316999.53,381270.47,7507578.53,13453535.19,3,7,10,1,2,400,20000
61,So11111111111111111111111111111111111111112-Ai4CL1SAxVRigxQFwBH8S2JkuL7EqrdiGwTC7JpCpump,WSOL-AWR,WSOL,So11111111111111111111111111111111111111112,AWR,Ai4CL1SAxVRigxQFwBH8S2JkuL7EqrdiGwTC7JpCpump,363656.79,372239.22,1769480.25,8362948.57,2,5,7,1,2,400,20000
62,So11111111111111111111111111111111111111112-86t88w3MKT38HChTBKBwEeb1RW1MeTceaW68qY2Vpump,WSOL-LMT,WSOL,So11111111111111111111111111111111111111112,LMT,86t88w3MKT38HChTBKBwEeb1RW1MeTceaW68qY2Vpump,1555542.5,368377.12,11577777.91,16804076.86,2,13,15,1,2,400,20000
63,So11111111111111111111111111111111111111112-HzwqbKZw8HxMN6bF2yFZNrht3c2iXXzpKcFu7uBEDKtr,WSOL-EURC,WSOL,So11111111111111111111111111111111111111112,EURC,HzwqbKZw8HxMN6bF2yFZNrht3c2iXXzpKcFu7uBEDKtr,120363.73,365495.1,3299667.05,107822912.48,2,3,5,1,2,400,20000
64,EPjFWdd5AufqSSqeM2qN1xzybapC8G4wEGGkZwyTDt1v-HzwqbKZw8HxMN6bF2yFZNrht3c2iXXzpKcFu7uBEDKtr,USDC-EURC,USDC,EPjFWdd5AufqSSqeM2qN1xzybapC8G4wEGGkZwyTDt1v,EURC,HzwqbKZw8HxMN6bF2yFZNrht3c2iXXzpKcFu7uBEDKtr,718379.39,340521.6,9879676.15,248622137.04,1,7,8,1,2,400,20000
65,So11111111111111111111111111111111111111112-CboMcTUYUcy9E6B3yGdFn6aEsGUnYV6yWeoeukw6pump,WSOL-Butthole,WSOL,So11111111111111111111111111111111111111112,Butthole,CboMcTUYUcy9E6B3yGdFn6aEsGUnYV6yWeoeukw6pump,1107211.07,327334.33,5422309.39,15344028.45,2,9,11,1,2,400,20000
66,6dKCoWjpj5MFU5gWDEFdpUUeBasBLK3wLEwhUzQPAa1e-So11111111111111111111111111111111111111112,CHEX-WSOL,CHEX,6dKCoWjpj5MFU5gWDEFdpUUeBasBLK3wLEwhUzQPAa1e,WSOL,So11111111111111111111111111111111111111112,1562212.53,317448.7,3573843.71,10324353.4,5,10,15,1,2,400,20000
67,8wXtPeU6557ETkp9WHFY1n1EcU6NxDvbAggHGsMYiHsB-So11111111111111111111111111111111111111112,GME-WSOL,GME,8wXtPeU6557ETkp9WHFY1n1EcU6NxDvbAggHGsMYiHsB,WSOL,So11111111111111111111111111111111111111112,2688115.84,316640.13,2703141.03,7238041.93,2,29,31,1,2,400,20000
68,So11111111111111111111111111111111111111112-CBdCxKo9QavR9hfShgpEBG3zekorAeD7W1jfq2o3pump,WSOL-LUCE,WSOL,So11111111111111111111111111111111111111112,LUCE,CBdCxKo9QavR9hfShgpEBG3zekorAeD7W1jfq2o3pump,1634421.52,309506.5,5452163.88,84654237.65,2,25,27,1,2,400,20000
69,So11111111111111111111111111111111111111112-9doRRAik5gvhbEwjbZDbZR6GxXSAfdoomyJR57xKpump,WSOL-GRPH,WSOL,So11111111111111111111111111111111111111112,GRPH,9doRRAik5gvhbEwjbZDbZR6GxXSAfdoomyJR57xKpump,530599.35,303786.38,3949583.25,12506824.69,2,14,16,1,2,400,20000
70,So11111111111111111111111111111111111111112-5SVG3T9CNQsm2kEwzbRq6hASqh1oGfjqTtLXYUibpump,WSOL-SIGMA,WSOL,So11111111111111111111111111111111111111112,SIGMA,5SVG3T9CNQsm2kEwzbRq6hASqh1oGfjqTtLXYUibpump,1540092.81,280251.88,5389862.08,17728414.04,3,15,18,1,2,400,20000
71,HUdqc5MR5h3FssESabPnQ1GTgTcPvnNudAuLj5J6a9sU-So11111111111111111111111111111111111111112,BONGO-WSOL,BONGO,HUdqc5MR5h3FssESabPnQ1GTgTcPvnNudAuLj5J6a9sU,WSOL,So11111111111111111111111111111111111111112,725047.67,276123.28,7197618.67,21110660.35,1,8,9,1,2,400,20000
72,So11111111111111111111111111111111111111112-9PR7nCP9DpcUotnDPVLUBUZKu5WAYkwrCUx9wDnSpump,WSOL-Ban,WSOL,So11111111111111111111111111111111111111112,Ban,9PR7nCP9DpcUotnDPVLUBUZKu5WAYkwrCUx9wDnSpump,2832500.09,266908.45,3498973.64,20206749.93,3,17,20,1,2,400,20000
73,So11111111111111111111111111111111111111112-G5e2XonmccmdKc98g3eNQe5oBYGw9m8xdMUvVtcZpump,WSOL-MAIAR,WSOL,So11111111111111111111111111111111111111112,MAIAR,G5e2XonmccmdKc98g3eNQe5oBYGw9m8xdMUvVtcZpump,344092.15,264504.42,2324662.8,13126596.21,2,12,14,1,2,400,20000
74,So11111111111111111111111111111111111111112-GJtJuWD9qYcCkrwMBmtY1tpapV1sKfB2zUv9Q4aqpump,WSOL-$RIF,WSOL,So11111111111111111111111111111111111111112,$RIF,GJtJuWD9qYcCkrwMBmtY1tpapV1sKfB2zUv9Q4aqpump,696058.53,255190.06,5167601.94,12244736.54,2,17,19,1,2,400,20000
75,So11111111111111111111111111111111111111112-GiG7Hr61RVm4CSUxJmgiCoySFQtdiwxtqf64MsRppump,WSOL-SCF,WSOL,So11111111111111111111111111111111111111112,SCF,GiG7Hr61RVm4CSUxJmgiCoySFQtdiwxtqf64MsRppump,1293684.11,255162.45,4107170.25,8059848.94,2,18,20,1,2,400,20000
76,So11111111111111111111111111111111111111112-E1jCTXdkMRoawoWoqfbhiNkkLbxcSHPssMo36U84pump,WSOL-GFM,WSOL,So11111111111111111111111111111111111111112,GFM,E1jCTXdkMRoawoWoqfbhiNkkLbxcSHPssMo36U84pump,452033.46,246847.01,5051496.11,13416572.86,3,16,19,1,2,400,20000
77,GtDZKAqvMZMnti46ZewMiXCa4oXF4bZxwQPoKzXPFxZn-So11111111111111111111111111111111111111112,nub-WSOL,nub,GtDZKAqvMZMnti46ZewMiXCa4oXF4bZxwQPoKzXPFxZn,WSOL,So11111111111111111111111111111111111111112,1165713.25,245016.78,2429891.02,10822662.0,1,19,20,1,2,400,20000
78,So11111111111111111111111111111111111111112-98mb39tPFKQJ4Bif8iVg9mYb9wsfPZgpgN1sxoVTpump,WSOL-LLM,WSOL,So11111111111111111111111111111111111111112,LLM,98mb39tPFKQJ4Bif8iVg9mYb9wsfPZgpgN1sxoVTpump,658677.7,242539.52,3934895.83,11221157.68,2,19,21,1,2,400,20000
79,So11111111111111111111111111111111111111112-DPaQfq5sFnoqw2Sh9WMmmASFL9LNu6RdtDqwE1tab2tB,WSOL-SKBDI,WSOL,So11111111111111111111111111111111111111112,SKBDI,DPaQfq5sFnoqw2Sh9WMmmASFL9LNu6RdtDqwE1tab2tB,499930.46,231613.48,888886.67,2421482.39,3,0,3,1,2,400,20000
80,So11111111111111111111111111111111111111112-VaxZxmFXV8tmsd72hUn22ex6GFzZ5uq9DVJ5wA5pump,WSOL-OIIAOIIA,WSOL,So11111111111111111111111111111111111111112,OIIAOIIA,VaxZxmFXV8tmsd72hUn22ex6GFzZ5uq9DVJ5wA5pump,600678.56,218656.19,3452760.33,11340133.37,1,11,12,1,2,400,20000
81,So11111111111111111111111111111111111111112-3S8qX1MsMqRbiwKg2cQyx7nis1oHMgaCuc9c4VfvVdPN,WSOL-MOTHER,WSOL,So11111111111111111111111111111111111111112,MOTHER,3S8qX1MsMqRbiwKg2cQyx7nis1oHMgaCuc9c4VfvVdPN,1874383.45,217391.35,2715911.73,12480048.43,2,43,45,1,2,400,20000
82,14zP2ToQ79XWvc7FQpm4bRnp9d6Mp1rFfsUW3gpLcRX-So11111111111111111111111111111111111111112,AIXBT-WSOL,AIXBT,14zP2ToQ79XWvc7FQpm4bRnp9d6Mp1rFfsUW3gpLcRX,WSOL,So11111111111111111111111111111111111111112,708746.72,216844.37,2406810.28,10992474.44,2,11,13,1,2,400,20000
83,So11111111111111111111111111111111111111112-CreiuhfwdWCN5mJbMJtA9bBpYQrQF2tCBuZwSPWfpump,WSOL-PYTHIA,WSOL,So11111111111111111111111111111111111111112,PYTHIA,CreiuhfwdWCN5mJbMJtA9bBpYQrQF2tCBuZwSPWfpump,1073608.34,211556.95,949560.79,7673378.09,2,13,15,1,2,400,20000
84,So11111111111111111111111111111111111111112-7D1iYWfhw2cr9yBZBFE6nZaaSUvXHqG5FizFFEZwpump,WSOL-YNE,WSOL,So11111111111111111111111111111111111111112,YNE,7D1iYWfhw2cr9yBZBFE6nZaaSUvXHqG5FizFFEZwpump,841051.6,209754.27,3593167.34,13528614.67,2,20,22,1,2,400,20000
85,So11111111111111111111111111111111111111112-5LJMJyR8MtAkbtpf8kFUV7S9oFG3xaGDdcnFxYt9pump,WSOL-FAT,WSOL,So11111111111111111111111111111111111111112,FAT,5LJMJyR8MtAkbtpf8kFUV7S9oFG3xaGDdcnFxYt9pump,523539.66,207700.07,3621439.96,21412687.85,2,11,13,1,2,400,20000
86,So11111111111111111111111111111111111111112-GHichsGq8aPnqJyz6Jp1ASTK4PNLpB5KrD6XrfDjpump,WSOL-$1,WSOL,So11111111111111111111111111111111111111112,$1,GHichsGq8aPnqJyz6Jp1ASTK4PNLpB5KrD6XrfDjpump,1168998.04,203722.7,3214785.13,9620802.81,3,14,17,1,2,400,20000
87,So11111111111111111111111111111111111111112-8CzPPqenpfRXvjE5DHfE3kMDgJhHwWZ1WXRzs44KsamW,WSOL-YAPSTER,WSOL,So11111111111111111111111111111111111111112,YAPSTER,8CzPPqenpfRXvjE5DHfE3kMDgJhHwWZ1WXRzs44KsamW,236559.78,197962.32,1053482.49,2062377.28,2,7,9,1,2,400,20000
88,So11111111111111111111111111111111111111112-H2c31USxu35MDkBrGph8pUDUnmzo2e4Rf4hnvL2Upump,WSOL-Shoggoth,WSOL,So11111111111111111111111111111111111111112,Shoggoth,H2c31USxu35MDkBrGph8pUDUnmzo2e4Rf4hnvL2Upump,1150086.16,196686.78,3640114.2,9259736.75,2,20,22,1,2,400,20000
89,69kdRLyP5DTRkpHraaSZAQbWmAwzF9guKjZfzMXzcbAs-So11111111111111111111111111111111111111112,USA-WSOL,USA,69kdRLyP5DTRkpHraaSZAQbWmAwzF9guKjZfzMXzcbAs,WSOL,So11111111111111111111111111111111111111112,1694901.05,191233.43,4033947.24,10737797.61,2,22,24,1,2,400,20000
90,j1MueUJvnJwRCKzgEQdJjSibhV5oy1uoLZDNsZ3time-EPjFWdd5AufqSSqeM2qN1xzybapC8G4wEGGkZwyTDt1v,raj-USDC,raj,j1MueUJvnJwRCKzgEQdJjSibhV5oy1uoLZDNsZ3time,USDC,EPjFWdd5AufqSSqeM2qN1xzybapC8G4wEGGkZwyTDt1v,113031.82,188543.34,365297.2,708666.36,1,3,4,1,2,400,20000
91,So11111111111111111111111111111111111111112-HZ1JovNiVvGrGNiiYvEozEVgZ58xaU3RKwX8eACQBCt3,WSOL-PYTH,WSOL,So11111111111111111111111111111111111111112,PYTH,HZ1JovNiVvGrGNiiYvEozEVgZ58xaU3RKwX8eACQBCt3,263123.19,187474.0,4954494.61,11431148.66,3,8,11,1,2,400,20000
92,So11111111111111111111111111111111111111112-ts3foLrNUMvwdVeit1oNeLWjYk7e4qsn8PqSsqRpump,WSOL-ANTIRUG,WSOL,So11111111111111111111111111111111111111112,ANTIRUG,ts3foLrNUMvwdVeit1oNeLWjYk7e4qsn8PqSsqRpump,172895.39,185996.32,910421.86,3235619.63,1,10,11,1,2,400,20000
93,So11111111111111111111111111111111111111112-9qriMjPPAJTMCtfQnz7Mo9BsV2jAWTr2ff7yc3JWpump,WSOL-　,WSOL,So11111111111111111111111111111111111111112,　,9qriMjPPAJTMCtfQnz7Mo9BsV2jAWTr2ff7yc3JWpump,829906.88,185879.76,1531812.93,6623119.98,2,15,17,1,2,400,20000
94,SUhzKcEZdShM9ifMb7kDKwAdjy6R9MogwG4fWiZtime-EPjFWdd5AufqSSqeM2qN1xzybapC8G4wEGGkZwyTDt1v,mert-USDC,mert,SUhzKcEZdShM9ifMb7kDKwAdjy6R9MogwG4fWiZtime,USDC,EPjFWdd5AufqSSqeM2qN1xzybapC8G4wEGGkZwyTDt1v,123378.73,183320.51,280825.56,428103.3,1,1,2,1,2,400,20000
95,So11111111111111111111111111111111111111112-F9TgEJLLRUKDRF16HgjUCdJfJ5BK6ucyiW8uJxVPpump,WSOL-AGiXT,WSOL,So11111111111111111111111111111111111111112,AGiXT,F9TgEJLLRUKDRF16HgjUCdJfJ5BK6ucyiW8uJxVPpump,617964.53,182539.93,3311075.44,11341420.94,3,18,21,1,2,400,20000
96,So11111111111111111111111111111111111111112-AxGAbdFtdbj2oNXa4dKqFvwHzgFtW9mFHWmd7vQfpump,WSOL-HAT,WSOL,So11111111111111111111111111111111111111112,HAT,AxGAbdFtdbj2oNXa4dKqFvwHzgFtW9mFHWmd7vQfpump,532964.6,182366.07,2984953.23,13674275.53,2,9,11,1,2,400,20000
97,So11111111111111111111111111111111111111112-BZLbGTNCSFfoth2GYDtwr7e4imWzpR5jqcUuGEwr646K,WSOL-IO,WSOL,So11111111111111111111111111111111111111112,IO,BZLbGTNCSFfoth2GYDtwr7e4imWzpR5jqcUuGEwr646K,2425175.38,177105.22,3676242.93,16630158.93,4,23,27,1,2,400,20000
98,So11111111111111111111111111111111111111112-8XtRWb4uAAJFMP4QQhoYYCWR6XXb7ybcCdiqPwz9s5WS,WSOL-ALON,WSOL,So11111111111111111111111111111111111111112,ALON,8XtRWb4uAAJFMP4QQhoYYCWR6XXb7ybcCdiqPwz9s5WS,849864.31,175365.85,3580884.72,8545109.09,3,16,19,1,2,400,20000
99,So11111111111111111111111111111111111111112-5voS9evDjxF589WuEub5i4ti7FWQmZCsAsyD5ucbuRqM,WSOL-ELIZA,WSOL,So11111111111111111111111111111111111111112,ELIZA,5voS9evDjxF589WuEub5i4ti7FWQmZCsAsyD5ucbuRqM,756452.76,175107.3,1905059.96,6141925.57,2,21,23,1,2,400,20000
100,8Ki8DpuWNxu9VsS3kQbarsCWMcFGWkzzA8pUPto9zBd5-So11111111111111111111111111111111111111112,LOCKIN-WSOL,LOCKIN,8Ki8DpuWNxu9VsS3kQbarsCWMcFGWkzzA8pUPto9zBd5,WSOL,So11111111111111111111111111111111111111112,864061.76,164770.86,4401658.72,11511739.8,2,20,22,1,2,400,20000
101,Fch1oixTPri8zxBnmdCEADoJW2toyFHxqDZacQkwdvSP-So11111111111111111111111111111111111111112,HARAMBE-WSOL,HARAMBE,Fch1oixTPri8zxBnmdCEADoJW2toyFHxqDZacQkwdvSP,WSOL,So11111111111111111111111111111111111111112,1087883.65,163898.54,2358243.21,5367279.62,2,13,15,1,2,400,20000
102,y1AZt42vceCmStjW4zetK3VoNarC1VxJ5iDjpiupump-So11111111111111111111111111111111111111112,FARTBOY-WSOL,FARTBOY,y1AZt42vceCmStjW4zetK3VoNarC1VxJ5iDjpiupump,WSOL,So11111111111111111111111111111111111111112,917278.42,161037.28,2962982.87,10667799.48,1,7,8,1,2,400,20000
103,So11111111111111111111111111111111111111112-DHoadXCbf6TcadkcMGJ8kFRdDa2sXPQ1KrgodUDRpump,WSOL-CHIIKAWA,WSOL,So11111111111111111111111111111111111111112,CHIIKAWA,DHoadXCbf6TcadkcMGJ8kFRdDa2sXPQ1KrgodUDRpump,77056.84,156064.3,415017.44,492945.88,1,4,5,1,2,400,20000
104,So11111111111111111111111111111111111111112-7oBYdEhV4GkXC19ZfgAvXpJWp2Rn9pm1Bx2cVNxFpump,WSOL-CAR,WSOL,So11111111111111111111111111111111111111112,CAR,7oBYdEhV4GkXC19ZfgAvXpJWp2Rn9pm1Bx2cVNxFpump,977108.52,154373.39,928880.11,2170890.47,3,23,26,1,2,400,20000
105,So11111111111111111111111111111111111111112-DzN1qkcRdsxQRFb9yVvz73Fnu6SbD3f5oJgArVdx7Nzc,WSOL-UNICORN,WSOL,So11111111111111111111111111111111111111112,UNICORN,DzN1qkcRdsxQRFb9yVvz73Fnu6SbD3f5oJgArVdx7Nzc,23796.86,152862.53,1396883.41,1396883.41,1,8,9,1,2,400,20000
106,So11111111111111111111111111111111111111112-G3EDZoS49NRVKP8X1HggHZJueJeR8d2izUHeXdV3pump,WSOL-ASSCOIN,WSOL,So11111111111111111111111111111111111111112,ASSCOIN,G3EDZoS49NRVKP8X1HggHZJueJeR8d2izUHeXdV3pump,191035.13,149611.16,242777.91,432733.5,1,5,6,1,2,400,20000
107,So11111111111111111111111111111111111111112-2eXamy7t3kvKhfV6aJ6Uwe3eh8cuREFcTKs1mFKZpump,WSOL-nuit,WSOL,So11111111111111111111111111111111111111112,nuit,2eXamy7t3kvKhfV6aJ6Uwe3eh8cuREFcTKs1mFKZpump,401788.62,147962.06,2472343.71,9701450.13,2,21,23,1,2,400,20000
108,So11111111111111111111111111111111111111112-BmXfbamFqrBzrqihr9hbSmEsfQUXMVaqshAjgvZupump,WSOL-LUX,WSOL,So11111111111111111111111111111111111111112,LUX,BmXfbamFqrBzrqihr9hbSmEsfQUXMVaqshAjgvZupump,548662.32,146811.64,1954795.76,5305538.15,2,24,26,1,2,400,20000
109,So11111111111111111111111111111111111111112-FVdo7CDJarhYoH6McyTFqx71EtzCPViinvdd1v86Qmy5,WSOL-Aimonica,WSOL,So11111111111111111111111111111111111111112,Aimonica,FVdo7CDJarhYoH6McyTFqx71EtzCPViinvdd1v86Qmy5,379883.73,145219.35,2015818.24,10060154.13,1,5,6,1,2,400,20000
110,So11111111111111111111111111111111111111112-J1Wpmugrooj1yMyQKrdZ2vwRXG5rhfx3vTnYE39gpump,WSOL-WOULD,WSOL,So11111111111111111111111111111111111111112,WOULD,J1Wpmugrooj1yMyQKrdZ2vwRXG5rhfx3vTnYE39gpump,4499398.67,144636.66,1255969.74,7232692.22,3,0,3,1,2,400,20000
111,hntyVP6YFm1Hg25TN9WGLqM12b8TQmcknKrdu1oxWux-So11111111111111111111111111111111111111112,HNT-WSOL,HNT,hntyVP6YFm1Hg25TN9WGLqM12b8TQmcknKrdu1oxWux,WSOL,So11111111111111111111111111111111111111112,2625982.22,142953.32,1968058.8,6409189.78,2,6,8,1,2,400,20000
112,So11111111111111111111111111111111111111112-2VqtrBXmgkNa3oeJwgnBUdNL5yJhq8kddqYtPVGKbonk,WSOL-FLOPPY,WSOL,So11111111111111111111111111111111111111112,FLOPPY,2VqtrBXmgkNa3oeJwgnBUdNL5yJhq8kddqYtPVGKbonk,55665.99,142745.82,12767533.06,12767533.06,2,0,2,1,2,400,20000
113,So11111111111111111111111111111111111111112-dog1viwbb2vWDpER5FrJ4YFG6gq6XuyFohUe9TXN65u,WSOL-DOG,WSOL,So11111111111111111111111111111111111111112,DOG,dog1viwbb2vWDpER5FrJ4YFG6gq6XuyFohUe9TXN65u,29912.6,130289.86,1276871.34,6631398.59,2,8,10,1,2,400,20000
114,So11111111111111111111111111111111111111112-CTJf74cTo3cw8acFP1YXF3QpsQUUBGBjh2k2e8xsZ6UL,WSOL-Neiro,WSOL,So11111111111111111111111111111111111111112,Neiro,CTJf74cTo3cw8acFP1YXF3QpsQUUBGBjh2k2e8xsZ6UL,754210.12,129795.52,1673598.67,3703512.64,2,22,24,1,2,400,20000
115,ATRLuHph8dxnPny4WSNW7fxkhbeivBrtWbY6BfB4xpLj-EPjFWdd5AufqSSqeM2qN1xzybapC8G4wEGGkZwyTDt1v,ATR-USDC,ATR,ATRLuHph8dxnPny4WSNW7fxkhbeivBrtWbY6BfB4xpLj,USDC,EPjFWdd5AufqSSqeM2qN1xzybapC8G4wEGGkZwyTDt1v,601604.18,125434.96,1271556.19,6639411.35,2,0,2,1,2,400,20000
116,So11111111111111111111111111111111111111112-whispF7G9DHaojYHe2cdhRX5EMJzGBdqq7R57kL6inL,WSOL-WHISP,WSOL,So11111111111111111111111111111111111111112,WHISP,whispF7G9DHaojYHe2cdhRX5EMJzGBdqq7R57kL6inL,308937.0,125348.23,2488865.46,6215266.65,3,10,13,1,2,400,20000
117,So11111111111111111111111111111111111111112-8SpPaFLycx897D6sowPZkEkcNdDahzRZb5itr6D8pump,WSOL-LEA,WSOL,So11111111111111111111111111111111111111112,LEA,8SpPaFLycx897D6sowPZkEkcNdDahzRZb5itr6D8pump,496261.73,122467.22,906516.2,3391452.67,3,8,11,1,2,400,20000
118,So11111111111111111111111111111111111111112-4MeqZ8v3XbNVVX6B69XxXaymoTX6DbK8iZgaGngCbonk,WSOL-lola,WSOL,So11111111111111111111111111111111111111112,lola,4MeqZ8v3XbNVVX6B69XxXaymoTX6DbK8iZgaGngCbonk,80693.5,122394.82,2429205.33,7202148.46,1,4,5,1,2,400,20000
119,So11111111111111111111111111111111111111112-HeJUFDxfJSzYFUuHLxkMqCgytU31G6mjP4wKviwqpump,WSOL-GNON,WSOL,So11111111111111111111111111111111111111112,GNON,HeJUFDxfJSzYFUuHLxkMqCgytU31G6mjP4wKviwqpump,713145.26,122240.47,1342038.49,4370579.06,2,15,17,1,2,400,20000
120,So11111111111111111111111111111111111111112-FQ1tyso61AH1tzodyJfSwmzsD3GToybbRNoZxUBz21p8,WSOL-vvaifu,WSOL,So11111111111111111111111111111111111111112,vvaifu,FQ1tyso61AH1tzodyJfSwmzsD3GToybbRNoZxUBz21p8,910580.74,118486.68,2923224.72,6692221.06,2,13,15,1,2,400,20000
121,So11111111111111111111111111111111111111112-4mbdysBik3jmzD7mt6FGPDsMxnYcxExSQRFjPucdpump,WSOL-TSOTCHKE,WSOL,So11111111111111111111111111111111111111112,TSOTCHKE,4mbdysBik3jmzD7mt6FGPDsMxnYcxExSQRFjPucdpump,447364.92,118322.0,823724.21,3253328.4,2,12,14,1,2,400,20000
122,So11111111111111111111111111111111111111112-38PgzpJYu2HkiYvV8qePFakB8tuobPdGm2FFEn7Dpump,WSOL-gork,WSOL,So11111111111111111111111111111111111111112,gork,38PgzpJYu2HkiYvV8qePFakB8tuobPdGm2FFEn7Dpump,70375.48,118294.36,1233424.21,9398768.96,2,19,21,1,2,400,20000
123,So11111111111111111111111111111111111111112-6d5zHW5B8RkGKd51Lpb9RqFQSqDudr9GJgZ1SgQZpump,WSOL-AVB,WSOL,So11111111111111111111111111111111111111112,AVB,6d5zHW5B8RkGKd51Lpb9RqFQSqDudr9GJgZ1SgQZpump,656489.46,117258.41,3235976.36,5728042.98,2,11,13,1,2,400,20000
124,So11111111111111111111111111111111111111112-9UYAYvVS2cZ3BndbsoG1ScJbjfwyEPGxjE79hh5ipump,WSOL-DOGEAI,WSOL,So11111111111111111111111111111111111111112,DOGEAI,9UYAYvVS2cZ3BndbsoG1ScJbjfwyEPGxjE79hh5ipump,1404988.19,116269.99,2186405.26,7180509.25,2,16,18,1,2,400,20000
125,So11111111111111111111111111111111111111112-GkeUTuaFB4oZADaqiCo3yauHNx9SxUNn8euHptEEbonk,WSOL-Grassito,WSOL,So11111111111111111111111111111111111111112,Grassito,GkeUTuaFB4oZADaqiCo3yauHNx9SxUNn8euHptEEbonk,113088.12,114976.88,3996603.17,63921076.1,1,8,9,1,2,400,20000
126,So11111111111111111111111111111111111111112-Bz4MhmVRQENiCou7ZpJ575wpjNFjBjVBSiVhuNg1pump,WSOL-Project89,WSOL,So11111111111111111111111111111111111111112,Project89,Bz4MhmVRQENiCou7ZpJ575wpjNFjBjVBSiVhuNg1pump,659893.31,112645.08,4678994.15,10036045.62,2,12,14,1,2,400,20000
127,7JA5eZdCzztSfQbJvS8aVVxMFfd81Rs9VvwnocV1mKHu-EPjFWdd5AufqSSqeM2qN1xzybapC8G4wEGGkZwyTDt1v,GEOD-USDC,GEOD,7JA5eZdCzztSfQbJvS8aVVxMFfd81Rs9VvwnocV1mKHu,USDC,EPjFWdd5AufqSSqeM2qN1xzybapC8G4wEGGkZwyTDt1v,1444292.57,112612.56,833250.52,2348206.87,2,3,5,1,2,400,20000
128,4YK1njyeCkBuXG6phNtidJWKCbBhB659iwGkUJx98P5Z-So11111111111111111111111111111111111111112,DOLAN-WSOL,DOLAN,4YK1njyeCkBuXG6phNtidJWKCbBhB659iwGkUJx98P5Z,WSOL,So11111111111111111111111111111111111111112,720734.32,110712.51,1110470.49,5348059.42,2,8,10,1,2,400,20000
129,So11111111111111111111111111111111111111112-JB699bKuBEUJiiXSgtaFQUkAwFmUuz5WAWbKoLLQbonk,WSOL-vpos,WSOL,So11111111111111111111111111111111111111112,vpos,JB699bKuBEUJiiXSgtaFQUkAwFmUuz5WAWbKoLLQbonk,80637.87,109243.22,1445100.7,4241666.35,1,2,3,1,2,400,20000
130,So11111111111111111111111111111111111111112-F8tDt7QRAYicWQPK5LTh8kZR4zKJPdTiEq5dwCcVpump,WSOL-SENSUS,WSOL,So11111111111111111111111111111111111111112,SENSUS,F8tDt7QRAYicWQPK5LTh8kZR4zKJPdTiEq5dwCcVpump,196627.79,107166.75,1227695.68,1408170.63,1,2,3,1,2,400,20000
131,So11111111111111111111111111111111111111112-BeGY8KqKxboEwRbJd1q9H2K829jS4Rc5dEyNMYXCbV5p,WSOL-NPC,WSOL,So11111111111111111111111111111111111111112,NPC,BeGY8KqKxboEwRbJd1q9H2K829jS4Rc5dEyNMYXCbV5p,912218.95,107049.52,846359.26,2854950.79,2,0,2,1,2,400,20000
132,So11111111111111111111111111111111111111112-7ZqzGzTNg5tjK1CHTBdGFHyKjBtXdfvAobuGgdt4pump,WSOL-BARSIK,WSOL,So11111111111111111111111111111111111111112,BARSIK,7ZqzGzTNg5tjK1CHTBdGFHyKjBtXdfvAobuGgdt4pump,380636.44,106696.9,1654034.94,4363829.8,2,9,11,1,2,400,20000
133,So11111111111111111111111111111111111111112-Gu3LDkn7Vx3bmCzLafYNKcDxv2mH7YN44NJZFXnypump,WSOL-degenai,WSOL,So11111111111111111111111111111111111111112,degenai,Gu3LDkn7Vx3bmCzLafYNKcDxv2mH7YN44NJZFXnypump,722882.94,105092.6,1469916.18,8832792.34,3,15,18,1,2,400,20000
134,So11111111111111111111111111111111111111112-8i51XNNpGaKaj4G4nDdmQh95v4FKAxw8mhtaRoKd9tE8,WSOL-TETSUO,WSOL,So11111111111111111111111111111111111111112,TETSUO,8i51XNNpGaKaj4G4nDdmQh95v4FKAxw8mhtaRoKd9tE8,393019.35,104680.62,1239587.83,4312352.2,2,7,9,1,2,400,20000
135,So11111111111111111111111111111111111111112-9JhFqCA21MoAXs2PTaeqNQp2XngPn1PgYr2rsEVCpump,WSOL-OPUS,WSOL,So11111111111111111111111111111111111111112,OPUS,9JhFqCA21MoAXs2PTaeqNQp2XngPn1PgYr2rsEVCpump,718952.6,104330.23,1501871.19,8610049.47,2,12,14,1,2,400,20000
136,So11111111111111111111111111111111111111112-4HBQm2EhdpUWZkTYxttxNDnsoWi5beRAGWHpjVo8pump,WSOL-CAT,WSOL,So11111111111111111111111111111111111111112,CAT,4HBQm2EhdpUWZkTYxttxNDnsoWi5beRAGWHpjVo8pump,282940.26,104168.79,469300.97,923185.88,2,0,2,1,2,400,20000
137,So11111111111111111111111111111111111111112-26VfKb7jjtdEdvfovoBijScoZmJbWWasFZkgfUD5w7cy,WSOL-Mog,WSOL,So11111111111111111111111111111111111111112,Mog,26VfKb7jjtdEdvfovoBijScoZmJbWWasFZkgfUD5w7cy,429412.59,102037.31,1311337.98,1812151.7,2,3,5,1,2,400,20000
138,BUhS5coXEt9hcxN3JSpGYUWSKbNo96RsKu52LcMo12rf-So11111111111111111111111111111111111111112,meow-WSOL,meow,BUhS5coXEt9hcxN3JSpGYUWSKbNo96RsKu52LcMo12rf,WSOL,So11111111111111111111111111111111111111112,1855237.64,95416.27,2051837.07,6556676.11,2,0,2,1,2,400,20000
139,So11111111111111111111111111111111111111112-8NNXWrWVctNw1UFeaBypffimTdcLCcD8XJzHvYsmgwpF,WSOL-BRAINLET,WSOL,So11111111111111111111111111111111111111112,BRAINLET,8NNXWrWVctNw1UFeaBypffimTdcLCcD8XJzHvYsmgwpF,408107.63,94104.03,2177078.56,4380907.83,4,0,4,1,2,400,20000
140,So11111111111111111111111111111111111111112-GPrg1CgbBvAJS2SCuf9gF7NmQYsWudfyfWy5SUzypump,WSOL-EDWIN,WSOL,So11111111111111111111111111111111111111112,EDWIN,GPrg1CgbBvAJS2SCuf9gF7NmQYsWudfyfWy5SUzypump,358666.44,93970.32,1574377.11,7762253.48,2,8,10,1,2,400,20000
141,6N7CrWe6qNt27G4sHXcjQMMy6btKRb7i9n4RYkKboop-So11111111111111111111111111111111111111112,BETTY-WSOL,BETTY,6N7CrWe6qNt27G4sHXcjQMMy6btKRb7i9n4RYkKboop,WSOL,So11111111111111111111111111111111111111112,49872.56,93543.17,272029.48,39652757.42,1,8,9,1,2,400,20000
142,KQijDbNJ6rPCqhtXrfH6gKa5cH3a39At8vHq34nnPbF-So11111111111111111111111111111111111111112,DOGE-WSOL,DOGE,KQijDbNJ6rPCqhtXrfH6gKa5cH3a39At8vHq34nnPbF,WSOL,So11111111111111111111111111111111111111112,314531.86,92816.16,654407.12,1239121.44,2,0,2,1,2,400,20000
143,85cQsFgbi8mBZxiPppbpPXuV7j1hA8tBwhjF4gKW6mHg-So11111111111111111111111111111111111111112,Rizzmas-WSOL,Rizzmas,85cQsFgbi8mBZxiPppbpPXuV7j1hA8tBwhjF4gKW6mHg,WSOL,So11111111111111111111111111111111111111112,534397.53,91262.32,958063.57,2409725.05,2,13,15,1,2,400,20000
144,So11111111111111111111111111111111111111112-Cn5Ne1vmR9ctMGY9z5NC71A3NYFvopjXNyxYtfVYpump,WSOL-listen,WSOL,So11111111111111111111111111111111111111112,listen,Cn5Ne1vmR9ctMGY9z5NC71A3NYFvopjXNyxYtfVYpump,413986.89,88422.51,1812386.11,6998512.81,2,13,15,1,2,400,20000
145,So11111111111111111111111111111111111111112-AsyfR3e5JcPqWot4H5MMhQUm7DZ4zwQrcp2zbB7vpump,WSOL-IQ,WSOL,So11111111111111111111111111111111111111112,IQ,AsyfR3e5JcPqWot4H5MMhQUm7DZ4zwQrcp2zbB7vpump,382220.85,88392.71,992420.07,3370150.44,1,14,15,1,2,400,20000
146,So11111111111111111111111111111111111111112-FvgqHMfL9yn39V79huDPy3YUNDoYJpuLWng2JfmQpump,WSOL-$URO,WSOL,So11111111111111111111111111111111111111112,$URO,FvgqHMfL9yn39V79huDPy3YUNDoYJpuLWng2JfmQpump,607713.83,88072.74,2488536.88,6068452.68,2,10,12,1,2,400,20000
147,So11111111111111111111111111111111111111112-3N2ETvNpPNAxhcaXgkhKoY1yDnQfs41Wnxsx5qNJpump,WSOL-NEUR,WSOL,So11111111111111111111111111111111111111112,NEUR,3N2ETvNpPNAxhcaXgkhKoY1yDnQfs41Wnxsx5qNJpump,518099.2,84226.09,2650899.37,6757882.78,3,14,17,1,2,400,20000
148,So11111111111111111111111111111111111111112-HHoXk7WursT9DLBBhHzBWBbuQkfvvoNyHKpJi61mpump,WSOL-TNSR,WSOL,So11111111111111111111111111111111111111112,TNSR,HHoXk7WursT9DLBBhHzBWBbuQkfvvoNyHKpJi61mpump,369184.86,80827.98,1074701.43,2444074.38,1,12,13,1,2,400,20000
149,So11111111111111111111111111111111111111112-DtR4D9FtVoTX2569gaL837ZgrB6wNjj6tkmnX9Rdk9B2,WSOL-aura,WSOL,So11111111111111111111111111111111111111112,aura,DtR4D9FtVoTX2569gaL837ZgrB6wNjj6tkmnX9Rdk9B2,462645.92,80311.46,1557609.02,2994491.02,2,20,22,1,2,400,20000
150,HAPPYwgFcjEJDzRtfWE6tiHE9zGdzpNky2FvjPHsvvGZ-So11111111111111111111111111111111111111112,HAPPY-WSOL,HAPPY,HAPPYwgFcjEJDzRtfWE6tiHE9zGdzpNky2FvjPHsvvGZ,WSOL,So11111111111111111111111111111111111111112,469173.77,78046.15,3156159.4,7664592.87,2,15,17,1,2,400,20000
151,So11111111111111111111111111111111111111112-J7tYmq2JnQPvxyhcXpCDrvJnc9R5ts8rv7tgVHDPsw7U,WSOL-FLOYDAI,WSOL,So11111111111111111111111111111111111111112,FLOYDAI,J7tYmq2JnQPvxyhcXpCDrvJnc9R5ts8rv7tgVHDPsw7U,465733.91,77185.34,1484513.87,4909002.25,2,6,8,1,2,400,20000
152,So11111111111111111111111111111111111111112-AxriehR6Xw3adzHopnvMn7GcpRFcD41ddpiTWMg6pump,WSOL-jailstool,WSOL,So11111111111111111111111111111111111111112,jailstool,AxriehR6Xw3adzHopnvMn7GcpRFcD41ddpiTWMg6pump,1151122.67,76532.21,1087748.45,5495200.83,3,38,41,1,2,400,20000
153,So11111111111111111111111111111111111111112-66gsTs88mXJ5L4AtJnWqFW6H2L5YQDRy4W41y6zbpump,WSOL-YOUSIM,WSOL,So11111111111111111111111111111111111111112,YOUSIM,66gsTs88mXJ5L4AtJnWqFW6H2L5YQDRy4W41y6zbpump,268899.07,76137.57,1727993.09,2075583.58,1,8,9,1,2,400,20000
154,So11111111111111111111111111111111111111112-43VWkd99HjqkhFTZbWBpMpRhjG469nWa7x7uEsgSH7We,WSOL-STNK,WSOL,So11111111111111111111111111111111111111112,STNK,43VWkd99HjqkhFTZbWBpMpRhjG469nWa7x7uEsgSH7We,665650.07,73630.06,1489119.07,3545165.01,4,9,13,1,2,400,20000
155,So11111111111111111111111111111111111111112-HsNx7RirehVMy54xnFtcgCBPDMrwNnJKykageqdWpump,WSOL-daige,WSOL,So11111111111111111111111111111111111111112,daige,HsNx7RirehVMy54xnFtcgCBPDMrwNnJKykageqdWpump,165565.7,71120.18,269491.68,1033814.2,2,9,11,1,2,400,20000
156,So11111111111111111111111111111111111111112-4JFcUJ1HfFKz2F8thdu2frk558EjrLvKEmeMq1ZM2xBP,WSOL-VNTR,WSOL,So11111111111111111111111111111111111111112,VNTR,4JFcUJ1HfFKz2F8thdu2frk558EjrLvKEmeMq1ZM2xBP,194372.72,71073.29,331882.77,2114970.68,2,0,2,1,2,400,20000
157,So11111111111111111111111111111111111111112-3JgFwoYV74f6LwWjQWnr3YDPFnmBdwQfNyubv99jqUoq,WSOL-wPOND,WSOL,So11111111111111111111111111111111111111112,wPOND,3JgFwoYV74f6LwWjQWnr3YDPFnmBdwQfNyubv99jqUoq,105307.54,71000.33,925552.02,4258462.37,2,26,28,1,2,400,20000
158,So11111111111111111111111111111111111111112-EBGaJP7srpUUN8eRdta1MsojrNtweuHYsdP3P1TRpump,WSOL-REALIS,WSOL,So11111111111111111111111111111111111111112,REALIS,EBGaJP7srpUUN8eRdta1MsojrNtweuHYsdP3P1TRpump,444823.7,70354.21,872007.17,2844372.63,2,10,12,1,2,400,20000
159,So11111111111111111111111111111111111111112-2RBko3xoz56aH69isQMUpzZd9NYHahhwC23A5F3Spkin,WSOL-PKIN,WSOL,So11111111111111111111111111111111111111112,PKIN,2RBko3xoz56aH69isQMUpzZd9NYHahhwC23A5F3Spkin,733690.34,69872.09,898730.64,3481230.16,2,23,25,1,2,400,20000
160,So11111111111111111111111111111111111111112-GAMwtMB6onAvBNBQJCJFuxoaqfPH8uCQ2dewNMVVpump,WSOL-TANK,WSOL,So11111111111111111111111111111111111111112,TANK,GAMwtMB6onAvBNBQJCJFuxoaqfPH8uCQ2dewNMVVpump,390414.68,69109.91,1246359.71,6998349.51,1,9,10,1,2,400,20000
161,So11111111111111111111111111111111111111112-EsP4kJfKUDLfX274WoBSiiEy74Sh4tZKUCDjfULHpump,WSOL-FRIC,WSOL,So11111111111111111111111111111111111111112,FRIC,EsP4kJfKUDLfX274WoBSiiEy74Sh4tZKUCDjfULHpump,551113.96,67936.47,1442684.54,4125665.14,2,19,21,1,2,400,20000
162,So11111111111111111111111111111111111111112-DitHyRMQiSDhn5cnKMJV2CDDt6sVct96YrECiM49pump,WSOL-House,WSOL,So11111111111111111111111111111111111111112,House,DitHyRMQiSDhn5cnKMJV2CDDt6sVct96YrECiM49pump,80897.52,65772.27,1347280.25,11394582.85,2,19,21,1,2,400,20000
163,So11111111111111111111111111111111111111112-SonicxvLud67EceaEzCLRnMTBqzYUUYNr93DBkBdDES,WSOL-SONIC,WSOL,So11111111111111111111111111111111111111112,SONIC,SonicxvLud67EceaEzCLRnMTBqzYUUYNr93DBkBdDES,431772.34,65384.56,748735.75,2216040.08,3,32,35,1,2,400,20000
164,So11111111111111111111111111111111111111112-E7NgL19JbN8BhUDgWjkH8MtnbhJoaGaWJqosxZZepump,WSOL-PAYAI,WSOL,So11111111111111111111111111111111111111112,PAYAI,E7NgL19JbN8BhUDgWjkH8MtnbhJoaGaWJqosxZZepump,105142.94,65070.61,849564.36,6990359.27,2,0,2,1,2,400,20000
165,So11111111111111111111111111111111111111112-4q3Z58YxrZEAVMLtMwnm7eHtodSD3LSpSNt3pDnqpump,WSOL-KOLIN,WSOL,So11111111111111111111111111111111111111112,KOLIN,4q3Z58YxrZEAVMLtMwnm7eHtodSD3LSpSNt3pDnqpump,392931.26,64159.42,924857.12,3110589.34,2,6,8,1,2,400,20000
166,So11111111111111111111111111111111111111112-6UxB5HCuuNm2HoHCp4TFVkPPE38L5zktESYKZ7Q5RC3f,WSOL-INTERN,WSOL,So11111111111111111111111111111111111111112,INTERN,6UxB5HCuuNm2HoHCp4TFVkPPE38L5zktESYKZ7Q5RC3f,97248.22,63666.4,410075.94,486564.65,1,4,5,1,2,400,20000
167,So11111111111111111111111111111111111111112-oraim8c9d1nkfuQk9EzGYEUGxqL3MHQYndRw1huVo5h,WSOL-MAX,WSOL,So11111111111111111111111111111111111111112,MAX,oraim8c9d1nkfuQk9EzGYEUGxqL3MHQYndRw1huVo5h,555001.88,63128.53,2022156.9,6678615.92,2,12,14,1,2,400,20000
168,So11111111111111111111111111111111111111112-3an8rhdepsLCya22af7qDBKPbdomw8K4iCHXaA2Gpump,WSOL-Quant,WSOL,So11111111111111111111111111111111111111112,Quant,3an8rhdepsLCya22af7qDBKPbdomw8K4iCHXaA2Gpump,381893.21,62577.41,545175.09,1080141.61,2,11,13,1,2,400,20000
169,So11111111111111111111111111111111111111112-BLDiYcvm3CLcgZ7XUBPgz6idSAkNmWY6MBbm8Xpjpump,WSOL-TRISIG,WSOL,So11111111111111111111111111111111111111112,TRISIG,BLDiYcvm3CLcgZ7XUBPgz6idSAkNmWY6MBbm8Xpjpump,426620.79,62010.12,1002921.75,4759731.57,2,12,14,1,2,400,20000
170,So11111111111111111111111111111111111111112-FVvd3s9dZYzsgitkJyWbmycSc8MkYZjyF7oqAEvmSxTZ,WSOL-WILD,WSOL,So11111111111111111111111111111111111111112,WILD,FVvd3s9dZYzsgitkJyWbmycSc8MkYZjyF7oqAEvmSxTZ,238147.57,60859.21,615465.76,868381.98,2,0,2,1,2,400,20000
171,So11111111111111111111111111111111111111112-8vBMibwpn8wpfYKbQ9xqzodymg3LjmYec2tSNGRy23K8,WSOL-HYPER,WSOL,So11111111111111111111111111111111111111112,HYPER,8vBMibwpn8wpfYKbQ9xqzodymg3LjmYec2tSNGRy23K8,334981.5,60690.25,1458363.35,3112981.38,2,16,18,1,2,400,20000
172,So11111111111111111111111111111111111111112-5evN2exivZXJfLaA1KhHfiJKWfwH8znqyH36w1SFz89Y,WSOL-MIRAI,WSOL,So11111111111111111111111111111111111111112,MIRAI,5evN2exivZXJfLaA1KhHfiJKWfwH8znqyH36w1SFz89Y,208715.27,60455.46,328227.45,328227.45,1,5,6,1,2,400,20000
173,So11111111111111111111111111111111111111112-275FUEyp5o7TWo1dCDYJyprb4o2WBcxEQsvmt816pump,WSOL-AAA,WSOL,So11111111111111111111111111111111111111112,AAA,275FUEyp5o7TWo1dCDYJyprb4o2WBcxEQsvmt816pump,186270.76,60424.03,857216.88,2351113.17,2,0,2,1,2,400,20000
174,So11111111111111111111111111111111111111112-3joMReCCSESngJEpFLoKR2dNcChjSRCDtybQet5uSpse,WSOL-CAT,WSOL,So11111111111111111111111111111111111111112,CAT,3joMReCCSESngJEpFLoKR2dNcChjSRCDtybQet5uSpse,478161.68,58291.41,1856002.97,4252469.55,1,4,5,1,2,400,20000
175,So11111111111111111111111111111111111111112-4NBTf8PfLH4oLFnwf3knv46FY9i5oXjDxffCetXRpump,WSOL-YzY,WSOL,So11111111111111111111111111111111111111112,YzY,4NBTf8PfLH4oLFnwf3knv46FY9i5oXjDxffCetXRpump,525829.82,58281.32,1169695.59,4136447.96,2,0,2,1,2,400,20000
176,So11111111111111111111111111111111111111112-7h5AzpYTAnh4Gyux8Gqko5Fvx4AYQBZdkzHZ2CsBudvJ,WSOL-Citadail,WSOL,So11111111111111111111111111111111111111112,Citadail,7h5AzpYTAnh4Gyux8Gqko5Fvx4AYQBZdkzHZ2CsBudvJ,315991.74,57566.17,886053.5,3342736.58,2,11,13,1,2,400,20000
177,So11111111111111111111111111111111111111112-GMzuntWYJLpNuCizrSR7ZXggiMdDzTNiEmSNHHunpump,WSOL-dreams,WSOL,So11111111111111111111111111111111111111112,dreams,GMzuntWYJLpNuCizrSR7ZXggiMdDzTNiEmSNHHunpump,356382.49,57436.77,746977.05,2014557.71,2,6,8,1,2,400,20000
178,5d3kw2KR7hfaja214tL9hqYSxFSoq9uDF9GB7GKboop-So11111111111111111111111111111111111111112,FARM-WSOL,FARM,5d3kw2KR7hfaja214tL9hqYSxFSoq9uDF9GB7GKboop,WSOL,So11111111111111111111111111111111111111112,66453.34,57357.37,887845.02,5418711.65,2,0,2,1,2,400,20000
179,So11111111111111111111111111111111111111112-zGh48JtNHVBb5evgoZLXwgPD2Qu4MhkWdJLGDAupump,WSOL-retire,WSOL,So11111111111111111111111111111111111111112,retire,zGh48JtNHVBb5evgoZLXwgPD2Qu4MhkWdJLGDAupump,300700.66,57161.08,582158.12,3585621.28,2,5,7,1,2,400,20000
180,3WPep4ufaToK1aS5s8BL9inzeUrt4DYaQCiic6ZkkC1U-So11111111111111111111111111111111111111112,GIKO-WSOL,GIKO,3WPep4ufaToK1aS5s8BL9inzeUrt4DYaQCiic6ZkkC1U,WSOL,So11111111111111111111111111111111111111112,387198.46,56620.11,1570910.33,5083722.2,2,16,18,1,2,400,20000
181,5sbZ3E6x84GXtWmBG2vX5pCTLuvCPiwn5C2Yrs3eden-So11111111111111111111111111111111111111112,EDEN-WSOL,EDEN,5sbZ3E6x84GXtWmBG2vX5pCTLuvCPiwn5C2Yrs3eden,WSOL,So11111111111111111111111111111111111111112,239770.7,56417.2,147898.74,147898.74,1,4,5,1,2,400,20000
182,So11111111111111111111111111111111111111112-WEmjxPMGXEW1Nvc4rCgRKiWHj1H1tvhPsKMw2yvpump,WSOL-DIGIMON,WSOL,So11111111111111111111111111111111111111112,DIGIMON,WEmjxPMGXEW1Nvc4rCgRKiWHj1H1tvhPsKMw2yvpump,177690.37,55139.48,701539.39,6383973.28,1,10,11,1,2,400,20000
183,So11111111111111111111111111111111111111112-GorvUUSkJGSzJUebM5W6berUkZ5pG8nmnn7tmk74pump,WSOL-ZAILGO,WSOL,So11111111111111111111111111111111111111112,ZAILGO,GorvUUSkJGSzJUebM5W6berUkZ5pG8nmnn7tmk74pump,348224.88,51233.57,663628.0,2037018.0,2,14,16,1,2,400,20000
184,So11111111111111111111111111111111111111112-4HuSTfcJruukNbhrF9sc5iKrMeGxNBs6XpQ1L2hUpump,WSOL-OPAIUM,WSOL,So11111111111111111111111111111111111111112,OPAIUM,4HuSTfcJruukNbhrF9sc5iKrMeGxNBs6XpQ1L2hUpump,664248.08,49492.78,3317988.0,24132785.82,2,9,11,1,2,400,20000
185,So11111111111111111111111111111111111111112-6yjNqPzTSanBWSa6dxVEgTjePXBrZ2FoHLDQwYwEsyM6,WSOL-Chud,WSOL,So11111111111111111111111111111111111111112,Chud,6yjNqPzTSanBWSa6dxVEgTjePXBrZ2FoHLDQwYwEsyM6,410031.0,49296.8,647424.14,2303138.02,1,14,15,1,2,400,20000
186,So11111111111111111111111111111111111111112-5QS7RcHfGUa2ZtrovPvEJMB9coqroiT7H48dPSwFpump,WSOL-AIOS,WSOL,So11111111111111111111111111111111111111112,AIOS,5QS7RcHfGUa2ZtrovPvEJMB9coqroiT7H48dPSwFpump,423151.82,47124.14,546402.06,5678320.1,2,13,15,1,2,400,20000
187,So11111111111111111111111111111111111111112-Db7ZUaWTThwZy7bVhjn5Dda8D3fbbAhihcxPV4m9pump,WSOL-XENO,WSOL,So11111111111111111111111111111111111111112,XENO,Db7ZUaWTThwZy7bVhjn5Dda8D3fbbAhihcxPV4m9pump,254952.07,46782.67,436634.12,662005.02,1,7,8,1,2,400,20000
188,So11111111111111111111111111111111111111112-3zJ7RxtzPahndBTEn5PGUyo9xBMv6MJP9J4TPqdFpump,WSOL-ESIM,WSOL,So11111111111111111111111111111111111111112,ESIM,3zJ7RxtzPahndBTEn5PGUyo9xBMv6MJP9J4TPqdFpump,123443.73,46698.17,779900.84,15503234.98,1,6,7,1,2,400,20000
189,So11111111111111111111111111111111111111112-6D7NaB2xsLd7cauWu1wKk6KBsJohJmP2qZH9GEfVi5Ui,WSOL-SC,WSOL,So11111111111111111111111111111111111111112,SC,6D7NaB2xsLd7cauWu1wKk6KBsJohJmP2qZH9GEfVi5Ui,651217.5,46412.39,2303925.26,3727161.73,1,11,12,1,2,400,20000
190,A3eME5CetyZPBoWbRUwY3tSe25S6tb18ba9ZPbWk9eFJ-So11111111111111111111111111111111111111112,PENG-WSOL,PENG,A3eME5CetyZPBoWbRUwY3tSe25S6tb18ba9ZPbWk9eFJ,WSOL,So11111111111111111111111111111111111111112,534310.48,46056.09,729824.41,2178719.18,2,0,2,1,2,400,20000
191,So11111111111111111111111111111111111111112-Aq8Gocyvyyi8xk5EYxd6viUfVmVvs9T9R6mZFzZFpump,WSOL-HYPER,WSOL,So11111111111111111111111111111111111111112,HYPER,Aq8Gocyvyyi8xk5EYxd6viUfVmVvs9T9R6mZFzZFpump,517373.92,45559.24,974189.81,5845306.02,2,7,9,1,2,400,20000
192,So11111111111111111111111111111111111111112-GhBPHgnNF99EThYxt4bxUfPX1hCPyAS72RCBgLjLpump,WSOL-ARIA,WSOL,So11111111111111111111111111111111111111112,ARIA,GhBPHgnNF99EThYxt4bxUfPX1hCPyAS72RCBgLjLpump,223156.73,45113.5,734146.12,1475105.9,1,2,3,1,2,400,20000
193,So11111111111111111111111111111111111111112-B5WTLaRwaUQpKk7ir1wniNB6m5o8GgMrimhKMYan2R6B,WSOL-Pepe,WSOL,So11111111111111111111111111111111111111112,Pepe,B5WTLaRwaUQpKk7ir1wniNB6m5o8GgMrimhKMYan2R6B,396407.43,44434.92,448408.27,3169436.53,3,0,3,1,2,400,20000
194,So11111111111111111111111111111111111111112-FQgtfugBdpFN7PZ6NdPrZpVLDBrPGxXesi4gVu3vErhY,WSOL-BMT,WSOL,So11111111111111111111111111111111111111112,BMT,FQgtfugBdpFN7PZ6NdPrZpVLDBrPGxXesi4gVu3vErhY,818059.38,44219.29,289645.33,5492910.08,1,6,7,1,2,400,20000
195,So11111111111111111111111111111111111111112-B89Hd5Juz7JP2dxCZXFJWk4tMTcbw7feDhuWGb3kq5qE,WSOL-NC,WSOL,So11111111111111111111111111111111111111112,NC,B89Hd5Juz7JP2dxCZXFJWk4tMTcbw7feDhuWGb3kq5qE,256018.83,42414.33,914397.84,2058965.87,2,20,22,1,2,400,20000
196,Jambjx1oJoZNBZiqbiF9TqgatEZPdyfvYa9WVsKNzUh-So11111111111111111111111111111111111111112,J-WSOL,J,Jambjx1oJoZNBZiqbiF9TqgatEZPdyfvYa9WVsKNzUh,WSOL,So11111111111111111111111111111111111111112,781805.83,41371.38,550891.06,2459116.03,1,9,10,1,2,400,20000
197,So11111111111111111111111111111111111111112-FLJYGHpCCcfYUdzhcfHSeSd2peb5SMajNWaCsRnhpump,WSOL-STORE,WSOL,So11111111111111111111111111111111111111112,STORE,FLJYGHpCCcfYUdzhcfHSeSd2peb5SMajNWaCsRnhpump,254209.74,41265.77,680351.16,1932598.96,1,6,7,1,2,400,20000
198,So11111111111111111111111111111111111111112-3MadWqcN9cSrULn8ikDnan9mF3znoQmBPXtVy6BfSTDB,WSOL-GrokCoin,WSOL,So11111111111111111111111111111111111111112,GrokCoin,3MadWqcN9cSrULn8ikDnan9mF3znoQmBPXtVy6BfSTDB,153957.57,40602.79,182635.22,2285703.99,1,16,17,1,2,400,20000
199,So11111111111111111111111111111111111111112-GFUgXbMeDnLkhZaJS3nYFqunqkFNMRo9ukhyajeXpump,WSOL-EVAN,WSOL,So11111111111111111111111111111111111111112,EVAN,GFUgXbMeDnLkhZaJS3nYFqunqkFNMRo9ukhyajeXpump,229289.13,40402.91,147057.56,641940.44,2,0,2,1,2,400,20000
200,So11111111111111111111111111111111111111112-FHKiJEg2zmhv9DEeaXMSZa7R4P8BPFX5VTRrzrtJpump,WSOL-HIBER,WSOL,So11111111111111111111111111111111111111112,HIBER,FHKiJEg2zmhv9DEeaXMSZa7R4P8BPFX5VTRrzrtJpump,182418.92,39444.59,652391.94,9107250.22,1,4,5,1,2,400,20000
201,Faf89929Ni9fbg4gmVZTca7eW6NFg877Jqn6MizT3Gvw-So11111111111111111111111111111111111111112,WOLF-WSOL,WOLF,Faf89929Ni9fbg4gmVZTca7eW6NFg877Jqn6MizT3Gvw,WSOL,So11111111111111111111111111111111111111112,555970.44,38970.28,464160.75,1032096.45,2,0,2,1,2,400,20000
202,So11111111111111111111111111111111111111112-BkYAUVMar1gLwuFLv2n5cmB6HhcNtvd86kU3gqAypump,WSOL-Elon4AfD,WSOL,So11111111111111111111111111111111111111112,Elon4AfD,BkYAUVMar1gLwuFLv2n5cmB6HhcNtvd86kU3gqAypump,519651.87,38717.95,226441.59,1610125.55,2,0,2,1,2,400,20000
203,So11111111111111111111111111111111111111112-9hfKxLSnwh4LhpRgmxBYDRgrKeYUgszMePKxuidPpump,WSOL-KIT,WSOL,So11111111111111111111111111111111111111112,KIT,9hfKxLSnwh4LhpRgmxBYDRgrKeYUgszMePKxuidPpump,197339.75,38531.85,558299.31,2149838.97,1,14,15,1,2,400,20000
204,madHpjRn6bd8t78Rsy7NuSuNwWa2HU8ByPobZprHbHv-So11111111111111111111111111111111111111112,MAD-WSOL,MAD,madHpjRn6bd8t78Rsy7NuSuNwWa2HU8ByPobZprHbHv,WSOL,So11111111111111111111111111111111111111112,533541.35,38044.56,1392934.68,2324316.37,2,0,2,1,2,400,20000
205,SENDdRQtYMWaQrBroBrJ2Q53fgVuq95CV9UPGEvpCxa-So11111111111111111111111111111111111111112,SEND-WSOL,SEND,SENDdRQtYMWaQrBroBrJ2Q53fgVuq95CV9UPGEvpCxa,WSOL,So11111111111111111111111111111111111111112,215448.84,37470.17,850088.84,1816285.83,1,23,24,1,2,400,20000
206,So11111111111111111111111111111111111111112-9aLzSdra8iP4xdvKKnErFxzWwe3R7groGaeGgsb5jREV,WSOL-BPAY,WSOL,So11111111111111111111111111111111111111112,BPAY,9aLzSdra8iP4xdvKKnErFxzWwe3R7groGaeGgsb5jREV,31599.57,37368.21,603127.46,603127.46,2,0,2,1,2,400,20000
207,So11111111111111111111111111111111111111112-8WnQQRbuEZ3CCDbH5MCVioBbw6o75NKANq9WdPhBDsWo,WSOL-coby,WSOL,So11111111111111111111111111111111111111112,coby,8WnQQRbuEZ3CCDbH5MCVioBbw6o75NKANq9WdPhBDsWo,142160.96,36757.44,146634.53,259267.91,2,13,15,1,2,400,20000
208,ATLASXmbPQxBUYbxPsV97usA3fPQYEqzQBUHgiFCUsXx-EPjFWdd5AufqSSqeM2qN1xzybapC8G4wEGGkZwyTDt1v,ATLAS-USDC,ATLAS,ATLASXmbPQxBUYbxPsV97usA3fPQYEqzQBUHgiFCUsXx,USDC,EPjFWdd5AufqSSqeM2qN1xzybapC8G4wEGGkZwyTDt1v,131924.87,36346.1,510662.83,1423584.5,3,7,10,1,2,400,20000
209,So11111111111111111111111111111111111111112-7d5uLATMiAoRC1n9yNc7VCrhx44H6bjEzDx7Gxuhpump,WSOL-SSR,WSOL,So11111111111111111111111111111111111111112,SSR,7d5uLATMiAoRC1n9yNc7VCrhx44H6bjEzDx7Gxuhpump,155192.98,35806.54,99825.94,301998.12,3,0,3,1,2,400,20000
210,So11111111111111111111111111111111111111112-6TcoT3vcexjsMuuLvS9DhBUrVVcoqBMHEppQGQLMpump,WSOL-BNTY,WSOL,So11111111111111111111111111111111111111112,BNTY,6TcoT3vcexjsMuuLvS9DhBUrVVcoqBMHEppQGQLMpump,235247.49,35714.24,398950.18,1148973.98,1,9,10,1,2,400,20000
211,So11111111111111111111111111111111111111112-7JA5eZdCzztSfQbJvS8aVVxMFfd81Rs9VvwnocV1mKHu,WSOL-GEOD,WSOL,So11111111111111111111111111111111111111112,GEOD,7JA5eZdCzztSfQbJvS8aVVxMFfd81Rs9VvwnocV1mKHu,214383.05,35449.91,233781.64,666419.93,1,3,4,1,2,400,20000
212,So11111111111111111111111111111111111111112-Zc4uJVrHC2APe9qKwBD11Gg4BbvQr3naM8f7Wiopump,WSOL-pep ,WSOL,So11111111111111111111111111111111111111112,pep ,Zc4uJVrHC2APe9qKwBD11Gg4BbvQr3naM8f7Wiopump,267986.94,33923.49,410517.19,2246553.68,2,12,14,1,2,400,20000
213,So11111111111111111111111111111111111111112-pepo1CFNU2RXf7yXX7HNXazXwxsq8WrPvDHpHriwoLY,WSOL-PEPO,WSOL,So11111111111111111111111111111111111111112,PEPO,pepo1CFNU2RXf7yXX7HNXazXwxsq8WrPvDHpHriwoLY,129640.2,33380.87,104007.33,126555.2,3,3,6,1,2,400,20000
214,7fb49Wrtx5xksfzGxsa8Y1zV1CCyeimmysGYKkirzCUm-EPjFWdd5AufqSSqeM2qN1xzybapC8G4wEGGkZwyTDt1v,DAILYBET-USDC,DAILYBET,7fb49Wrtx5xksfzGxsa8Y1zV1CCyeimmysGYKkirzCUm,USDC,EPjFWdd5AufqSSqeM2qN1xzybapC8G4wEGGkZwyTDt1v,232325.05,33226.22,208368.32,1072101.21,2,0,2,1,2,400,20000
215,So11111111111111111111111111111111111111112-9So52ugZh2BLBT3f7p61947q91uQh2DyvbfyMDeRpump,WSOL-MUSKIT,WSOL,So11111111111111111111111111111111111111112,MUSKIT,9So52ugZh2BLBT3f7p61947q91uQh2DyvbfyMDeRpump,225373.34,33039.0,421490.78,3700022.18,2,10,12,1,2,400,20000
216,85VBFQZC9TZkfaptBWjvUw7YbZjy52A6mjtPGjstQAmQ-EPjFWdd5AufqSSqeM2qN1xzybapC8G4wEGGkZwyTDt1v,W-USDC,W,85VBFQZC9TZkfaptBWjvUw7YbZjy52A6mjtPGjstQAmQ,USDC,EPjFWdd5AufqSSqeM2qN1xzybapC8G4wEGGkZwyTDt1v,219423.41,32884.13,368173.23,988583.26,2,15,17,1,2,400,20000
217,HfMbPyDdZH6QMaDDUokjYCkHxzjoGBMpgaUvpLWGbF5p-So11111111111111111111111111111111111111112,PBTC-WSOL,PBTC,HfMbPyDdZH6QMaDDUokjYCkHxzjoGBMpgaUvpLWGbF5p,WSOL,So11111111111111111111111111111111111111112,245670.44,31902.61,288929.11,824385.87,2,10,12,1,2,400,20000
218,So11111111111111111111111111111111111111112-sxv1symoD4WXjpeXCs5USFEyt8hBhmCuuptLjA8uRNy,WSOL-GEM,WSOL,So11111111111111111111111111111111111111112,GEM,sxv1symoD4WXjpeXCs5USFEyt8hBhmCuuptLjA8uRNy,36829.11,31275.23,55103.09,92859.32,2,0,2,1,2,400,20000
219,So11111111111111111111111111111111111111112-Foot4fxy8CHxM37W8BeHwK6aLd8VH2yHTFu43KCxbCqc,WSOL-BIG,WSOL,So11111111111111111111111111111111111111112,BIG,Foot4fxy8CHxM37W8BeHwK6aLd8VH2yHTFu43KCxbCqc,230240.28,29975.6,388924.61,1809827.77,3,0,3,1,2,400,20000
220,BuxH23osRyFFLbWG3czrTsfBQYbxzVZ8f7QV4cjTHN5x-So11111111111111111111111111111111111111112,JOHN-WSOL,JOHN,BuxH23osRyFFLbWG3czrTsfBQYbxzVZ8f7QV4cjTHN5x,WSOL,So11111111111111111111111111111111111111112,74100.26,29844.28,97776.31,137331.03,1,8,9,1,2,400,20000
221,So11111111111111111111111111111111111111112-HFw81sUUPBkNF5tKDanV8VCYTfVY4XbrEEPiwzyypump,WSOL-DUCKAI,WSOL,So11111111111111111111111111111111111111112,DUCKAI,HFw81sUUPBkNF5tKDanV8VCYTfVY4XbrEEPiwzyypump,141607.38,29288.41,515993.7,3466195.19,2,5,7,1,2,400,20000
222,mtnc7NNSpAJuvYNmayXU63WhWZGgFzwQ2yeYWqemeta-EPjFWdd5AufqSSqeM2qN1xzybapC8G4wEGGkZwyTDt1v,MTN-USDC,MTN,mtnc7NNSpAJuvYNmayXU63WhWZGgFzwQ2yeYWqemeta,USDC,EPjFWdd5AufqSSqeM2qN1xzybapC8G4wEGGkZwyTDt1v,1066159.8,28910.42,996286.8,21133835.88,2,1,3,1,2,400,20000
223,So11111111111111111111111111111111111111112-73UdJevxaNKXARgkvPHQGKuv8HCZARszuKW2LTL3pump,WSOL-ZARA,WSOL,So11111111111111111111111111111111111111112,ZARA,73UdJevxaNKXARgkvPHQGKuv8HCZARszuKW2LTL3pump,234096.84,28079.79,395273.09,666649.2,1,13,14,1,2,400,20000
224,7dHbWXmci3dT8UFYWYZweBLXgycu7Y3iL6trKn1Y7ARj-EPjFWdd5AufqSSqeM2qN1xzybapC8G4wEGGkZwyTDt1v,stSOL-USDC,stSOL,7dHbWXmci3dT8UFYWYZweBLXgycu7Y3iL6trKn1Y7ARj,USDC,EPjFWdd5AufqSSqeM2qN1xzybapC8G4wEGGkZwyTDt1v,453099.66,27910.98,296114.69,807566.99,3,0,3,1,2,400,20000
225,So11111111111111111111111111111111111111112-8tSeXYSXzFvaDX1nbWrEFFaFuPHuWqpzksKYxQPvpump,WSOL-VIBE,WSOL,So11111111111111111111111111111111111111112,VIBE,8tSeXYSXzFvaDX1nbWrEFFaFuPHuWqpzksKYxQPvpump,271416.24,27442.21,452290.23,1317915.92,3,5,8,1,2,400,20000
226,8WzDFPNjUSV7ZPpNiqKY8NcWH9J4tDSgSeifp6Kboop-So11111111111111111111111111111111111111112,Toshi-WSOL,Toshi,8WzDFPNjUSV7ZPpNiqKY8NcWH9J4tDSgSeifp6Kboop,WSOL,So11111111111111111111111111111111111111112,65546.66,26986.39,246788.87,5326754.33,2,3,5,1,2,400,20000
227,So11111111111111111111111111111111111111112-229vWzBTiUNdraYpVtSH9usTwwVxcyPDbBWf1zEPpump,WSOL-CALVIN,WSOL,So11111111111111111111111111111111111111112,CALVIN,229vWzBTiUNdraYpVtSH9usTwwVxcyPDbBWf1zEPpump,187312.12,26732.92,101412.52,180257.91,2,2,4,1,2,400,20000
228,So11111111111111111111111111111111111111112-FViMp5phQH2bX81S7Yyn1yXjj3BRddFBNcMCbTH8FCze,WSOL-$TOAD,WSOL,So11111111111111111111111111111111111111112,$TOAD,FViMp5phQH2bX81S7Yyn1yXjj3BRddFBNcMCbTH8FCze,296823.29,26579.87,374781.78,1177925.11,3,0,3,1,2,400,20000
229,So11111111111111111111111111111111111111112-DEf93bSt8dx58gDFCcz4CwbjYZzjwaRBYAciJYLfdCA9,WSOL-KWEEN,WSOL,So11111111111111111111111111111111111111112,KWEEN,DEf93bSt8dx58gDFCcz4CwbjYZzjwaRBYAciJYLfdCA9,356917.52,26499.05,347255.71,1045817.92,2,12,14,1,2,400,20000
230,So11111111111111111111111111111111111111112-DNMTk67urDBxEEVRx9HjVzCVu8en4Kgg5HfZy3E6pump,WSOL-ASYM,WSOL,So11111111111111111111111111111111111111112,ASYM,DNMTk67urDBxEEVRx9HjVzCVu8en4Kgg5HfZy3E6pump,202738.17,26293.23,377508.47,1546989.18,1,7,8,1,2,400,20000
231,So11111111111111111111111111111111111111112-EQs4DEeaSyrhRPM6JPsf2ptLf4EHkcGXB7ybeufxpump,WSOL-saint,WSOL,So11111111111111111111111111111111111111112,saint,EQs4DEeaSyrhRPM6JPsf2ptLf4EHkcGXB7ybeufxpump,159835.08,25590.68,312635.3,3989301.31,2,0,2,1,2,400,20000
232,So11111111111111111111111111111111111111112-3MyaQBG7y3SHLQZa282Jh2xtB2TZKHGzNp1CuZ4Cpump,WSOL-Qude,WSOL,So11111111111111111111111111111111111111112,Qude,3MyaQBG7y3SHLQZa282Jh2xtB2TZKHGzNp1CuZ4Cpump,204906.32,24643.48,460029.91,1712396.81,3,11,14,1,2,400,20000
233,So11111111111111111111111111111111111111112-9bNUjxEvygayUE2ZRN5zh9Hhjh6cN6GPK4zoHzXXpump,WSOL-MOSS,WSOL,So11111111111111111111111111111111111111112,MOSS,9bNUjxEvygayUE2ZRN5zh9Hhjh6cN6GPK4zoHzXXpump,155286.93,24386.71,367540.25,1020180.61,2,6,8,1,2,400,20000
234,So11111111111111111111111111111111111111112-7b36cKRYFZsMp3vLByVwfVQxW2ndcYth5rhPnyypump,WSOL-PINO,WSOL,So11111111111111111111111111111111111111112,PINO,7b36cKRYFZsMp3vLByVwfVQxW2ndcYth5rhPnyypump,466791.08,24245.67,308388.05,2646282.16,1,16,17,1,2,400,20000
235,So11111111111111111111111111111111111111112-8YiB8B43EwDeSx5Jp91VQjgBU4mfCgVvyNahadtzpump,WSOL-Y2K,WSOL,So11111111111111111111111111111111111111112,Y2K,8YiB8B43EwDeSx5Jp91VQjgBU4mfCgVvyNahadtzpump,336946.9,23896.45,521447.24,2340049.13,1,6,7,1,2,400,20000
236,So11111111111111111111111111111111111111112-9psiRdn9cXYVps4F1kFuoNjd2EtmqNJXrCPmRppJpump,WSOL-UBC,WSOL,So11111111111111111111111111111111111111112,UBC,9psiRdn9cXYVps4F1kFuoNjd2EtmqNJXrCPmRppJpump,333744.04,23806.44,346868.31,1483226.91,2,15,17,1,2,400,20000
237,So11111111111111111111111111111111111111112-BoAQaykj3LtkM2Brevc7cQcRAzpqcsP47nJ2rkyopump,WSOL-FOREST,WSOL,So11111111111111111111111111111111111111112,FOREST,BoAQaykj3LtkM2Brevc7cQcRAzpqcsP47nJ2rkyopump,389890.22,23361.15,686377.28,1228813.77,2,9,11,1,2,400,20000
238,So11111111111111111111111111111111111111112-AHdVQs56QpEEkRx6m8yiYYEiqM2sKjQxVd6mGH12pump,WSOL-FatCat,WSOL,So11111111111111111111111111111111111111112,FatCat,AHdVQs56QpEEkRx6m8yiYYEiqM2sKjQxVd6mGH12pump,589664.78,23162.19,209289.59,463408.78,3,0,3,1,2,400,20000
239,AZsHEMXd36Bj1EMNXhowJajpUXzrKcK57wW4ZGXVa7yR-EPjFWdd5AufqSSqeM2qN1xzybapC8G4wEGGkZwyTDt1v,GUAC-USDC,GUAC,AZsHEMXd36Bj1EMNXhowJajpUXzrKcK57wW4ZGXVa7yR,USDC,EPjFWdd5AufqSSqeM2qN1xzybapC8G4wEGGkZwyTDt1v,351376.61,22869.64,247343.24,703000.38,2,6,8,1,2,400,20000
240,So11111111111111111111111111111111111111112-J2bUGZDxRDpsVfjZqKwn6yYCUKFmqzHgt8UajhGtpump,WSOL-∅,WSOL,So11111111111111111111111111111111111111112,∅,J2bUGZDxRDpsVfjZqKwn6yYCUKFmqzHgt8UajhGtpump,68955.93,22840.27,172394.01,733981.14,1,7,8,1,2,400,20000
241,GJgHsc1HU4ibmzW6oWQr8L2RRT95ATc1BoNuLkp94AwU-So11111111111111111111111111111111111111112,WBS-WSOL,WBS,GJgHsc1HU4ibmzW6oWQr8L2RRT95ATc1BoNuLkp94AwU,WSOL,So11111111111111111111111111111111111111112,268928.63,22837.22,320451.05,1135037.51,2,0,2,1,2,400,20000
242,So11111111111111111111111111111111111111112-FrkF4GNdqKZLuzWXTk1imqMJRGK9uxCRE3PaBKZbpump,WSOL-DRIP,WSOL,So11111111111111111111111111111111111111112,DRIP,FrkF4GNdqKZLuzWXTk1imqMJRGK9uxCRE3PaBKZbpump,109617.57,21356.35,301131.78,2935815.98,2,0,2,1,2,400,20000
243,So11111111111111111111111111111111111111112-Fxm6tJ2khHbLVcSgnYUqg9FiBduVRLEvdQR67dvQ3eGp,WSOL-NAI,WSOL,So11111111111111111111111111111111111111112,NAI,Fxm6tJ2khHbLVcSgnYUqg9FiBduVRLEvdQR67dvQ3eGp,102134.45,20775.41,336391.16,585946.39,2,7,9,1,2,400,20000
244,3TWgDvYBL2YPET2LxnWAwsMeoA8aL4DutNuwat2pKCjC-So11111111111111111111111111111111111111112,KHAI-WSOL,KHAI,3TWgDvYBL2YPET2LxnWAwsMeoA8aL4DutNuwat2pKCjC,WSOL,So11111111111111111111111111111111111111112,232191.04,20756.31,342544.39,939391.79,3,8,11,1,2,400,20000
245,So11111111111111111111111111111111111111112-Bz7Nx1F3Mti1BVS7ZAVDLSKGEaejufxvX2DPdjpf8PqT,WSOL-CHIPPY,WSOL,So11111111111111111111111111111111111111112,CHIPPY,Bz7Nx1F3Mti1BVS7ZAVDLSKGEaejufxvX2DPdjpf8PqT,112582.25,20728.41,86622.77,361724.3,2,0,2,1,2,400,20000
246,So11111111111111111111111111111111111111112-Adq3wnAvtaXBNfy63xGV1YNkDiPKadDT469xF9uZPrqE,WSOL-WIT,WSOL,So11111111111111111111111111111111111111112,WIT,Adq3wnAvtaXBNfy63xGV1YNkDiPKadDT469xF9uZPrqE,127269.67,20326.0,197515.43,586413.4,1,8,9,1,2,400,20000
247,Cwe5k2iEy8dt7vCGY93GBrqQS4FWyac6pQjvjLcPD6qp-So11111111111111111111111111111111111111112,AROK-WSOL,AROK,Cwe5k2iEy8dt7vCGY93GBrqQS4FWyac6pQjvjLcPD6qp,WSOL,So11111111111111111111111111111111111111112,204675.94,20170.79,301198.06,338057.75,2,0,2,1,2,400,20000
248,26KMQVgDUoB6rEfnJ51yAABWWJND8uMtpnQgsHQ64Udr-So11111111111111111111111111111111111111112,HAMMY-WSOL,HAMMY,26KMQVgDUoB6rEfnJ51yAABWWJND8uMtpnQgsHQ64Udr,WSOL,So11111111111111111111111111111111111111112,311787.47,20119.33,381311.2,889244.17,1,20,21,1,2,400,20000
249,So11111111111111111111111111111111111111112-KMnDBXcPXoz6oMJW5XG4tXdwSWpmWEP2RQM1Uujpump,WSOL-FIGHT,WSOL,So11111111111111111111111111111111111111112,FIGHT,KMnDBXcPXoz6oMJW5XG4tXdwSWpmWEP2RQM1Uujpump,362399.52,19121.1,357394.19,2584307.32,2,16,18,1,2,400,20000
250,So11111111111111111111111111111111111111112-GqmEdRD3zGUZdYPeuDeXxCc8Cj1DBmGSYK97TCwSpump,WSOL-e/acc,WSOL,So11111111111111111111111111111111111111112,e/acc,GqmEdRD3zGUZdYPeuDeXxCc8Cj1DBmGSYK97TCwSpump,206727.2,18877.59,179062.1,350028.68,1,8,9,1,2,400,20000
251,So11111111111111111111111111111111111111112-7M3gDRgozcumFsiTeXwjB8cYxpg7Q9R7rH7rkw2Fpump,WSOL-CRIME,WSOL,So11111111111111111111111111111111111111112,CRIME,7M3gDRgozcumFsiTeXwjB8cYxpg7Q9R7rH7rkw2Fpump,188643.22,18836.66,795057.22,1501871.15,1,2,3,1,2,400,20000
252,DeaKMzAeZja3Mh5okZE6WUvygLP3Lfuvm6Rg78HqXTz9-So11111111111111111111111111111111111111112,SOLNIC-WSOL,SOLNIC,DeaKMzAeZja3Mh5okZE6WUvygLP3Lfuvm6Rg78HqXTz9,WSOL,So11111111111111111111111111111111111111112,408642.95,18643.52,174687.04,553051.98,2,0,2,1,2,400,20000
253,So11111111111111111111111111111111111111112-5ZMUboLJUeneKouqrqu4jeLE68vX68ehE5qprV3Upump,WSOL-TIRED,WSOL,So11111111111111111111111111111111111111112,TIRED,5ZMUboLJUeneKouqrqu4jeLE68vX68ehE5qprV3Upump,134125.28,18416.69,182458.02,686313.4,2,2,4,1,2,400,20000
254,So11111111111111111111111111111111111111112-EWWDzCwq4UYW3ERTXbdgd6X6sdkKHFMJqRz1ZiFcpump,WSOL-FATHA,WSOL,So11111111111111111111111111111111111111112,FATHA,EWWDzCwq4UYW3ERTXbdgd6X6sdkKHFMJqRz1ZiFcpump,229352.19,18234.67,209484.5,483560.03,3,0,3,1,2,400,20000
255,So11111111111111111111111111111111111111112-8tdzC7mFKhmfPg3KdSBafHqH7jgi3CvKomfj3Hhupump,WSOL-TgMetrics,WSOL,So11111111111111111111111111111111111111112,TgMetrics,8tdzC7mFKhmfPg3KdSBafHqH7jgi3CvKomfj3Hhupump,125990.6,17943.45,408002.31,1060972.37,2,0,2,1,2,400,20000
256,So11111111111111111111111111111111111111112-DWDnYfhVMnNBbWz4uEVvLVZLdYQoSuBosSU2vmHSpump,WSOL-BIOS,WSOL,So11111111111111111111111111111111111111112,BIOS,DWDnYfhVMnNBbWz4uEVvLVZLdYQoSuBosSU2vmHSpump,114892.81,17873.03,150764.36,788963.47,2,11,13,1,2,400,20000
257,So11111111111111111111111111111111111111112-69G8CpUVZAxbPMiEBrfCCCH445NwFxH6PzVL693Xpump,WSOL-xavier,WSOL,So11111111111111111111111111111111111111112,xavier,69G8CpUVZAxbPMiEBrfCCCH445NwFxH6PzVL693Xpump,186162.54,17160.12,239062.19,1052918.44,2,7,9,1,2,400,20000
258,So11111111111111111111111111111111111111112-A3vBwL3Pd6nkBqVo87D6TLWYG4ekWuDeqCoLFeyvRMcb,WSOL-SUMMIT,WSOL,So11111111111111111111111111111111111111112,SUMMIT,A3vBwL3Pd6nkBqVo87D6TLWYG4ekWuDeqCoLFeyvRMcb,156607.42,17148.36,90555.52,813700.74,2,0,2,1,2,400,20000
259,So11111111111111111111111111111111111111112-3iQL8BFS2vE7mww4ehAqQHAsbmRNCrPxizWAT2Zfyr9y,WSOL-VIRTUAL,WSOL,So11111111111111111111111111111111111111112,VIRTUAL,3iQL8BFS2vE7mww4ehAqQHAsbmRNCrPxizWAT2Zfyr9y,69359.61,17097.82,327460.33,898092.4,2,22,24,1,2,400,20000
260,So11111111111111111111111111111111111111112-6tVZVjcppH2BZ9Xj5yFU1Zt34m2rYcyDqqpSeMDZpump,WSOL-miharu,WSOL,So11111111111111111111111111111111111111112,miharu,6tVZVjcppH2BZ9Xj5yFU1Zt34m2rYcyDqqpSeMDZpump,136494.21,16851.76,682538.32,1002857.58,2,11,13,1,2,400,20000
261,9gwTegFJJErDpWJKjPfLr2g2zrE3nL1v5zpwbtsk3c6P-So11111111111111111111111111111111111111112,USEDCAR-WSOL,USEDCAR,9gwTegFJJErDpWJKjPfLr2g2zrE3nL1v5zpwbtsk3c6P,WSOL,So11111111111111111111111111111111111111112,244708.85,16756.49,327415.29,673081.87,2,3,5,1,2,400,20000
262,So11111111111111111111111111111111111111112-8AS9yeGsAwvTs9gCDKMmB2MgX8NiSvv4uppH61yqpump,WSOL-$horny,WSOL,So11111111111111111111111111111111111111112,$horny,8AS9yeGsAwvTs9gCDKMmB2MgX8NiSvv4uppH61yqpump,178530.38,16655.1,387956.52,1839677.88,1,7,8,1,2,400,20000
263,hntyVP6YFm1Hg25TN9WGLqM12b8TQmcknKrdu1oxWux-EPjFWdd5AufqSSqeM2qN1xzybapC8G4wEGGkZwyTDt1v,HNT-USDC,HNT,hntyVP6YFm1Hg25TN9WGLqM12b8TQmcknKrdu1oxWux,USDC,EPjFWdd5AufqSSqeM2qN1xzybapC8G4wEGGkZwyTDt1v,48904.14,16655.09,181412.07,590553.69,1,3,4,1,2,400,20000
264,2Dyzu65QA9zdX1UeE7Gx71k7fiwyUK6sZdrvJ7auq5wm-So11111111111111111111111111111111111111112,TURBO-WSOL,TURBO,2Dyzu65QA9zdX1UeE7Gx71k7fiwyUK6sZdrvJ7auq5wm,WSOL,So11111111111111111111111111111111111111112,58190.14,16391.66,219663.3,1641832.95,2,0,2,1,2,400,20000
265,So11111111111111111111111111111111111111112-92cRC6kV5D7TiHX1j56AbkPbffo9jwcXxSDQZ8Mopump,WSOL-fxn,WSOL,So11111111111111111111111111111111111111112,fxn,92cRC6kV5D7TiHX1j56AbkPbffo9jwcXxSDQZ8Mopump,311884.78,16170.98,701551.31,1830778.09,2,5,7,1,2,400,20000
266,So11111111111111111111111111111111111111112-4BBjpGwLgGmUxtT82YFK9xMhcvyy3zgf3HpxTRip1YoU,WSOL-Mundi,WSOL,So11111111111111111111111111111111111111112,Mundi,4BBjpGwLgGmUxtT82YFK9xMhcvyy3zgf3HpxTRip1YoU,284805.69,15974.91,164423.1,2000617.3,2,0,2,1,2,400,20000
267,So11111111111111111111111111111111111111112-on1ymEH2bpWnhkten2jibzDVhaxJ8RpyWYwS61aQ7M4,WSOL-ONLYBLINK,WSOL,So11111111111111111111111111111111111111112,ONLYBLINK,on1ymEH2bpWnhkten2jibzDVhaxJ8RpyWYwS61aQ7M4,89992.64,15814.61,111550.55,180538.7,1,9,10,1,2,400,20000
268,Av6qVigkb7USQyPXJkUvAEm4f599WTRvd75PUWBA9eNm-So11111111111111111111111111111111111111112,COST-WSOL,COST,Av6qVigkb7USQyPXJkUvAEm4f599WTRvd75PUWBA9eNm,WSOL,So11111111111111111111111111111111111111112,209134.62,15775.84,153164.45,508125.75,2,0,2,1,2,400,20000
269,So11111111111111111111111111111111111111112-6JGSHS9GrE9uG8ix63w3DPMYHrgrJ6J4QyHbBhAepump,WSOL-Crashout,WSOL,So11111111111111111111111111111111111111112,Crashout,6JGSHS9GrE9uG8ix63w3DPMYHrgrJ6J4QyHbBhAepump,239430.92,15543.89,868821.56,3599525.36,2,9,11,1,2,400,20000
270,So11111111111111111111111111111111111111112-7t1T28iMh5GsW8oTMx52x3u3M3hDbaY8psbL3rZ6BMrn,WSOL-TrackedBio,WSOL,So11111111111111111111111111111111111111112,TrackedBio,7t1T28iMh5GsW8oTMx52x3u3M3hDbaY8psbL3rZ6BMrn,76899.08,15502.91,72564.28,87588.57,2,5,7,1,2,400,20000
271,So11111111111111111111111111111111111111112-2wUGjvMqXusgfzYP3Vj149bSM9MwTPLS4maxkdGfpump,WSOL-SOLENG,WSOL,So11111111111111111111111111111111111111112,SOLENG,2wUGjvMqXusgfzYP3Vj149bSM9MwTPLS4maxkdGfpump,55572.34,15445.61,19594.88,127166.73,1,5,6,1,2,400,20000
272,So11111111111111111111111111111111111111112-7RDvypx3p9EWq4nZZKux1ZQAc7DUWXpHTVKxCCnupump,WSOL-KNOT,WSOL,So11111111111111111111111111111111111111112,KNOT,7RDvypx3p9EWq4nZZKux1ZQAc7DUWXpHTVKxCCnupump,170634.22,15339.79,301265.45,603880.04,2,0,2,1,2,400,20000
273,2YxixFk9sdoB9BPXpkeyW53fE3Kqo9U1mQ46S3z2bEYE-EPjFWdd5AufqSSqeM2qN1xzybapC8G4wEGGkZwyTDt1v,EYE-USDC,EYE,2YxixFk9sdoB9BPXpkeyW53fE3Kqo9U1mQ46S3z2bEYE,USDC,EPjFWdd5AufqSSqeM2qN1xzybapC8G4wEGGkZwyTDt1v,188307.83,15097.74,88434.55,290361.76,2,0,2,1,2,400,20000
274,So11111111111111111111111111111111111111112-9sbrLLnk4vxJajnZWXP9h5qk1NDFw7dz2eHjgemcpump,WSOL-Beenz,WSOL,So11111111111111111111111111111111111111112,Beenz,9sbrLLnk4vxJajnZWXP9h5qk1NDFw7dz2eHjgemcpump,189116.09,15024.45,183843.87,920162.25,2,10,12,1,2,400,20000
275,So11111111111111111111111111111111111111112-BfdVHnbt9LSNAFCZU9kvTjbrH3jX78sv2siLKGQ7pump,WSOL-koto,WSOL,So11111111111111111111111111111111111111112,koto,BfdVHnbt9LSNAFCZU9kvTjbrH3jX78sv2siLKGQ7pump,290104.33,14815.79,208128.23,835320.67,2,7,9,1,2,400,20000
276,So11111111111111111111111111111111111111112-FLqmVrv6cp7icjobpRMQJMEyjF3kF84QmC4HXpySpump,WSOL-BUCK,WSOL,So11111111111111111111111111111111111111112,BUCK,FLqmVrv6cp7icjobpRMQJMEyjF3kF84QmC4HXpySpump,354621.89,14682.34,302828.34,890351.41,2,0,2,1,2,400,20000
277,So11111111111111111111111111111111111111112-CXPLyc3EX8WySgEXLbjhuA7vy8EKQokVJYQuJm2jpump,WSOL-SENTAI,WSOL,So11111111111111111111111111111111111111112,SENTAI,CXPLyc3EX8WySgEXLbjhuA7vy8EKQokVJYQuJm2jpump,149638.74,14504.5,163551.78,471859.15,1,8,9,1,2,400,20000
278,So11111111111111111111111111111111111111112-HELn8rSM1rp8vAjNH4NYXzX6FvCbwWMGqLfaMgiBnZFV,WSOL-RIO,WSOL,So11111111111111111111111111111111111111112,RIO,HELn8rSM1rp8vAjNH4NYXzX6FvCbwWMGqLfaMgiBnZFV,192262.76,14446.06,135126.91,450717.77,2,0,2,1,2,400,20000
279,9EYScpiysGnEimnQPzazr7Jn9GVfxFYzgTEj85hV9L6U-So11111111111111111111111111111111111111112,tooker-WSOL,tooker,9EYScpiysGnEimnQPzazr7Jn9GVfxFYzgTEj85hV9L6U,WSOL,So11111111111111111111111111111111111111112,184483.49,13923.63,158256.7,426407.97,3,0,3,1,2,400,20000
280,So11111111111111111111111111111111111111112-GwKKPsJdY5oWMJ8RReWLcvb82KzW6FKy2bKoYW7kHr16,WSOL-LLD,WSOL,So11111111111111111111111111111111111111112,LLD,GwKKPsJdY5oWMJ8RReWLcvb82KzW6FKy2bKoYW7kHr16,520480.66,13896.32,96571.13,437453.77,4,0,4,1,2,400,20000
281,So11111111111111111111111111111111111111112-8FqXr6dw5NHA2TtwFeDz6q9p7y9uWyoEdZmpXqqUpump,WSOL-Seek,WSOL,So11111111111111111111111111111111111111112,Seek,8FqXr6dw5NHA2TtwFeDz6q9p7y9uWyoEdZmpXqqUpump,108429.56,13844.65,149707.81,560130.96,2,12,14,1,2,400,20000
282,So11111111111111111111111111111111111111112-KFTSxPQxDV1wGjEvzKHWD7mG6e9TsMVq4eF4mQppump,WSOL-Duo,WSOL,So11111111111111111111111111111111111111112,Duo,KFTSxPQxDV1wGjEvzKHWD7mG6e9TsMVq4eF4mQppump,148552.06,13638.61,138393.18,375858.58,2,16,18,1,2,400,20000
283,So11111111111111111111111111111111111111112-UbESBaztbkxJRWxPcfDeK8Fft15igTbrv3sed1bsegM,WSOL-GCATS,WSOL,So11111111111111111111111111111111111111112,GCATS,UbESBaztbkxJRWxPcfDeK8Fft15igTbrv3sed1bsegM,58089.02,13482.52,166705.0,15730737.98,1,9,10,1,2,400,20000
284,So11111111111111111111111111111111111111112-5SRer48NRfmhsut1n4ZwSAVUJAErNjdKcXTMVaxdpump,WSOL-GARY,WSOL,So11111111111111111111111111111111111111112,GARY,5SRer48NRfmhsut1n4ZwSAVUJAErNjdKcXTMVaxdpump,137917.71,13224.33,193314.92,1473193.46,1,2,3,1,2,400,20000
285,FU1q8vJpZNUrmqsciSjp8bAKKidGsLmouB8CBdf8TKQv-So11111111111111111111111111111111111111112,tremp-WSOL,tremp,FU1q8vJpZNUrmqsciSjp8bAKKidGsLmouB8CBdf8TKQv,WSOL,So11111111111111111111111111111111111111112,731595.89,13182.19,252699.94,875897.02,2,14,16,1,2,400,20000
286,So11111111111111111111111111111111111111112-8cNmp9T2CMQRNZhNRoeSvr57LDf1kbZ42SvgsSWfpump,WSOL-JAIL,WSOL,So11111111111111111111111111111111111111112,JAIL,8cNmp9T2CMQRNZhNRoeSvr57LDf1kbZ42SvgsSWfpump,173734.35,13120.85,219744.1,463589.41,2,13,15,1,2,400,20000
287,So11111111111111111111111111111111111111112-5XyKkFaJpAmsH4Tf2EFj3S61W3hC5cJhxNZQQ5h1pump,WSOL-Luigi,WSOL,So11111111111111111111111111111111111111112,Luigi,5XyKkFaJpAmsH4Tf2EFj3S61W3hC5cJhxNZQQ5h1pump,563803.43,13066.35,426893.34,1986052.81,3,16,19,1,2,400,20000
288,So11111111111111111111111111111111111111112-5SKLS8gvhJgAtmtmRr7SQg7NjoehutwK3vAzYPAYpump,WSOL-UPONLY,WSOL,So11111111111111111111111111111111111111112,UPONLY,5SKLS8gvhJgAtmtmRr7SQg7NjoehutwK3vAzYPAYpump,113302.34,13061.85,163655.76,518352.37,1,8,9,1,2,400,20000
289,So11111111111111111111111111111111111111112-FAFxVxnkzZHMCodkWyoccgUNgVScqMw2mhhQBYDFjFAF,WSOL-FAF,WSOL,So11111111111111111111111111111111111111112,FAF,FAFxVxnkzZHMCodkWyoccgUNgVScqMw2mhhQBYDFjFAF,190812.28,13043.36,119727.35,541696.94,1,3,4,1,2,400,20000
290,65nTNuJGHme4PQvKQyJykKp1bJAkK4A8Q66sd2yBWugf-So11111111111111111111111111111111111111112,RBT-WSOL,RBT,65nTNuJGHme4PQvKQyJykKp1bJAkK4A8Q66sd2yBWugf,WSOL,So11111111111111111111111111111111111111112,415702.31,13017.13,290993.07,1174860.62,2,0,2,1,2,400,20000
291,So11111111111111111111111111111111111111112-7iagMTDPfNSR5zVcERT1To7A9eaQoz58dJAh42EMHcCC,WSOL-YAKUB,WSOL,So11111111111111111111111111111111111111112,YAKUB,7iagMTDPfNSR5zVcERT1To7A9eaQoz58dJAh42EMHcCC,193386.54,12872.28,276055.69,598531.01,2,0,2,1,2,400,20000
292,So11111111111111111111111111111111111111112-DAMqxQRG5FKsnMNXEdBQMdTSiz86b5BziH4p6FS6pump,WSOL-brokie,WSOL,So11111111111111111111111111111111111111112,brokie,DAMqxQRG5FKsnMNXEdBQMdTSiz86b5BziH4p6FS6pump,45444.48,12401.91,58756.3,69249.22,2,0,2,1,2,400,20000
293,So11111111111111111111111111111111111111112-5UAMZkfNmuVcKzr2wo8Jqw4R1k8vfdAVJNN6h3bVpump,WSOL-LIMBO,WSOL,So11111111111111111111111111111111111111112,LIMBO,5UAMZkfNmuVcKzr2wo8Jqw4R1k8vfdAVJNN6h3bVpump,376099.52,12291.75,364918.26,1275314.37,2,9,11,1,2,400,20000
294,So11111111111111111111111111111111111111112-5XUUN5z1yBPEwoLztu4qMenmFe6GQnZptBFsnFnEpump,WSOL-WAVE,WSOL,So11111111111111111111111111111111111111112,WAVE,5XUUN5z1yBPEwoLztu4qMenmFe6GQnZptBFsnFnEpump,148950.85,12213.4,181738.36,710040.24,2,12,14,1,2,400,20000
295,So11111111111111111111111111111111111111112-AshG5mHt4y4etsjhKFb2wA2rq1XZxKks1EPzcuXwpump,WSOL-Fullsend,WSOL,So11111111111111111111111111111111111111112,Fullsend,AshG5mHt4y4etsjhKFb2wA2rq1XZxKks1EPzcuXwpump,306389.1,11777.27,293431.59,678170.08,1,16,17,1,2,400,20000
296,So11111111111111111111111111111111111111112-AnGzGiQ6ddzdqWDuWy6vmibqDv8rsT2QKhcgDrwTpump,WSOL-GAYCOIN,WSOL,So11111111111111111111111111111111111111112,GAYCOIN,AnGzGiQ6ddzdqWDuWy6vmibqDv8rsT2QKhcgDrwTpump,142575.05,11736.96,179206.95,1768745.25,1,10,11,1,2,400,20000
297,So11111111111111111111111111111111111111112-Bhu2wBWxfWkRJ6pFn5NodnEvMCqj9DLfCU5qMvt7pump,WSOL-CHATOSHI,WSOL,So11111111111111111111111111111111111111112,CHATOSHI,Bhu2wBWxfWkRJ6pFn5NodnEvMCqj9DLfCU5qMvt7pump,586933.22,11583.65,49081.07,513721.74,2,0,2,1,2,400,20000
298,So11111111111111111111111111111111111111112-6HgJHzGpq3fSLmkepsaC8F3VtpUWfXcG4hmUaf4Vpump,WSOL-REGENT,WSOL,So11111111111111111111111111111111111111112,REGENT,6HgJHzGpq3fSLmkepsaC8F3VtpUWfXcG4hmUaf4Vpump,186688.22,11537.02,202576.27,765297.49,1,8,9,1,2,400,20000
299,KMNo3nJsBXfcpJTVhZcXLW7RmTwTt4GVFE7suUBo9sS-So11111111111111111111111111111111111111112,KMNO-WSOL,KMNO,KMNo3nJsBXfcpJTVhZcXLW7RmTwTt4GVFE7suUBo9sS,WSOL,So11111111111111111111111111111111111111112,300207.13,11438.75,1158743.21,9685984.59,2,17,19,1,2,400,20000
300,CckLtcfEtsYzg8sUrVBBrFKt16iExpvEurc1dhKmmoon-So11111111111111111111111111111111111111112,T3AI-WSOL,T3AI,CckLtcfEtsYzg8sUrVBBrFKt16iExpvEurc1dhKmmoon,WSOL,So11111111111111111111111111111111111111112,144673.42,11102.18,178262.33,631735.3,1,14,15,1,2,400,20000
301,So11111111111111111111111111111111111111112-CX9YDTED9TWgVXVoFy8JL9gSSAEWcTv4mzjLSv17LQsj,WSOL-DRUGS,WSOL,So11111111111111111111111111111111111111112,DRUGS,CX9YDTED9TWgVXVoFy8JL9gSSAEWcTv4mzjLSv17LQsj,61284.24,11073.44,306990.22,394368.81,2,0,2,1,2,400,20000
302,So11111111111111111111111111111111111111112-HhCLbkW6FwhriTkk81W8tYstsRCLUu6Y7Je1SQjVpump,WSOL-KIKI,WSOL,So11111111111111111111111111111111111111112,KIKI,HhCLbkW6FwhriTkk81W8tYstsRCLUu6Y7Je1SQjVpump,298501.33,11020.04,406538.14,1681994.12,2,11,13,1,2,400,20000
303,So11111111111111111111111111111111111111112-Em8WF6pg9FmKDy1dXkWhXxpgmfhj5Bes3ZCE8PCCJSHt,WSOL-SHRUB,WSOL,So11111111111111111111111111111111111111112,SHRUB,Em8WF6pg9FmKDy1dXkWhXxpgmfhj5Bes3ZCE8PCCJSHt,131858.09,10874.15,121198.76,288066.37,2,0,2,1,2,400,20000
304,So11111111111111111111111111111111111111112-89S9RdgynPq5odSRmcCDAzg26iYuRw4wqUmzMbjUpump,WSOL-EKKO,WSOL,So11111111111111111111111111111111111111112,EKKO,89S9RdgynPq5odSRmcCDAzg26iYuRw4wqUmzMbjUpump,93333.53,10801.1,493356.14,1245815.57,1,5,6,1,2,400,20000
305,So11111111111111111111111111111111111111112-CS7LmjtuugEUWtFgfyto79nrksKigv7Fdcp9qPuigdLs,WSOL-Manyu,WSOL,So11111111111111111111111111111111111111112,Manyu,CS7LmjtuugEUWtFgfyto79nrksKigv7Fdcp9qPuigdLs,216354.7,10673.83,556583.44,678471.5,2,12,14,1,2,400,20000
306,poLisWXnNRwC6oBu1vHiuKQzFjGL4XDSu4g9qjz9qVk-EPjFWdd5AufqSSqeM2qN1xzybapC8G4wEGGkZwyTDt1v,POLIS-USDC,POLIS,poLisWXnNRwC6oBu1vHiuKQzFjGL4XDSu4g9qjz9qVk,USDC,EPjFWdd5AufqSSqeM2qN1xzybapC8G4wEGGkZwyTDt1v,51320.86,10647.12,138644.98,376773.88,1,2,3,1,2,400,20000
307,3psH1Mj1f7yUfaD5gh6Zj7epE8hhrMkMETgv5TshQA4o-So11111111111111111111111111111111111111112,boden-WSOL,boden,3psH1Mj1f7yUfaD5gh6Zj7epE8hhrMkMETgv5TshQA4o,WSOL,So11111111111111111111111111111111111111112,497880.64,10601.43,468497.47,3284666.74,2,14,16,1,2,400,20000
308,So11111111111111111111111111111111111111112-4AdDFsG1xzz1L7zKGo2fbiqv256Z92u8uCcJCgYuTBLo,WSOL-TJRM,WSOL,So11111111111111111111111111111111111111112,TJRM,4AdDFsG1xzz1L7zKGo2fbiqv256Z92u8uCcJCgYuTBLo,144899.31,10597.37,135179.56,713047.76,4,0,4,1,2,400,20000
309,So11111111111111111111111111111111111111112-T1oYbAejEESrZLtSAjumAXhzFqZGNxQ4kVN9vPUoxMv,WSOL-$daumen,WSOL,So11111111111111111111111111111111111111112,$daumen,T1oYbAejEESrZLtSAjumAXhzFqZGNxQ4kVN9vPUoxMv,63656.93,10557.81,125565.89,170770.24,1,1,2,1,2,400,20000
310,So11111111111111111111111111111111111111112-8vSwZHKP5WJ8ov6awAntB31Kuyh6NYVwi3qmyZsiivRE,WSOL-SNP500,WSOL,So11111111111111111111111111111111111111112,SNP500,8vSwZHKP5WJ8ov6awAntB31Kuyh6NYVwi3qmyZsiivRE,68955.98,10476.3,92318.24,714527.56,2,0,2,1,2,400,20000
311,So11111111111111111111111111111111111111112-G8Vy25NzjRmuQtnN35xF7j3X2Z1TrV39XijZu8Mg4w8n,WSOL-COOK,WSOL,So11111111111111111111111111111111111111112,COOK,G8Vy25NzjRmuQtnN35xF7j3X2Z1TrV39XijZu8Mg4w8n,117160.9,9776.75,119573.93,487665.6,2,0,2,1,2,400,20000
312,So11111111111111111111111111111111111111112-2G8LH53fcr3aCrEsmAo73eunbZRbyjKrGH5qmur6pump,WSOL-supercycle,WSOL,So11111111111111111111111111111111111111112,supercycle,2G8LH53fcr3aCrEsmAo73eunbZRbyjKrGH5qmur6pump,209237.06,9688.87,641438.38,1695076.67,2,0,2,1,2,400,20000
313,So11111111111111111111111111111111111111112-EoRe4xECTe9imaYtwfdmrGoinD2S1N5yMeu1LrjQpump,WSOL-MWOR,WSOL,So11111111111111111111111111111111111111112,MWOR,EoRe4xECTe9imaYtwfdmrGoinD2S1N5yMeu1LrjQpump,57020.38,9679.69,56972.99,493291.92,2,0,2,1,2,400,20000
314,So11111111111111111111111111111111111111112-EfgEGG9PxLhyk1wqtqgGnwgfVC7JYic3vC9BCWLvpump,WSOL-GYAT,WSOL,So11111111111111111111111111111111111111112,GYAT,EfgEGG9PxLhyk1wqtqgGnwgfVC7JYic3vC9BCWLvpump,310951.22,9482.88,445457.91,2236506.34,2,17,19,1,2,400,20000
315,So11111111111111111111111111111111111111112-7UN8WkBumTUCofVPXCPjNWQ6msQhzrg9tFQRP48Nmw5V,WSOL-xencat,WSOL,So11111111111111111111111111111111111111112,xencat,7UN8WkBumTUCofVPXCPjNWQ6msQhzrg9tFQRP48Nmw5V,208787.25,9355.02,220847.45,558448.74,2,0,2,1,2,400,20000
316,So11111111111111111111111111111111111111112-HhUVkZ1qz8vfMqZDemLyxBFxrHFKVSYAk7a6227Lpump,WSOL-LI,WSOL,So11111111111111111111111111111111111111112,LI,HhUVkZ1qz8vfMqZDemLyxBFxrHFKVSYAk7a6227Lpump,266762.21,9089.74,58347.69,174029.06,2,7,9,1,2,400,20000
317,So11111111111111111111111111111111111111112-7M9KJcPNC65ShLDmJmTNhVFcuY95Y1VMeYngKgt67D1t,WSOL-r/snoofi,WSOL,So11111111111111111111111111111111111111112,r/snoofi,7M9KJcPNC65ShLDmJmTNhVFcuY95Y1VMeYngKgt67D1t,179701.29,9013.39,139951.47,332280.59,2,16,18,1,2,400,20000
318,So11111111111111111111111111111111111111112-CHVggq5Bu2UKLB1MQtLciDV3UKv5hwLkJwA14egApump,WSOL-momo,WSOL,So11111111111111111111111111111111111111112,momo,CHVggq5Bu2UKLB1MQtLciDV3UKv5hwLkJwA14egApump,80977.11,8943.34,108365.87,651531.0,1,7,8,1,2,400,20000
319,So11111111111111111111111111111111111111112-GxdTh6udNstGmLLk9ztBb6bkrms7oLbrJp5yzUaVpump,WSOL-scihub,WSOL,So11111111111111111111111111111111111111112,scihub,GxdTh6udNstGmLLk9ztBb6bkrms7oLbrJp5yzUaVpump,266419.84,8937.77,135512.5,646801.57,2,11,13,1,2,400,20000
320,RAPRz9fd87y9qcBGj1VVqUbbUM6DaBggSDA58zc3N2b-EPjFWdd5AufqSSqeM2qN1xzybapC8G4wEGGkZwyTDt1v,RAPR-USDC,RAPR,RAPRz9fd87y9qcBGj1VVqUbbUM6DaBggSDA58zc3N2b,USDC,EPjFWdd5AufqSSqeM2qN1xzybapC8G4wEGGkZwyTDt1v,100693.12,8652.16,153841.2,779837.55,2,0,2,1,2,400,20000
321,So11111111111111111111111111111111111111112-BEgBsVSKJSxreiCE1XmWWq8arnwit7xDqQXSWYgay9xP,WSOL-WYAC,WSOL,So11111111111111111111111111111111111111112,WYAC,BEgBsVSKJSxreiCE1XmWWq8arnwit7xDqQXSWYgay9xP,246090.63,8642.2,146754.69,639159.66,1,14,15,1,2,400,20000
322,So11111111111111111111111111111111111111112-8bdhP1UQMevciC9oJ7NrvgDfoW8XPXPfbkkm6vKtMS7N,WSOL-SPORE,WSOL,So11111111111111111111111111111111111111112,SPORE,8bdhP1UQMevciC9oJ7NrvgDfoW8XPXPfbkkm6vKtMS7N,199737.99,8496.77,215313.41,545328.68,2,10,12,1,2,400,20000
323,So11111111111111111111111111111111111111112-GwkEDwePTa6aFosh9xzAniGK1zvLrQ5yPJfLnqwmuyhG,WSOL-HYPERSKIDS,WSOL,So11111111111111111111111111111111111111112,HYPERSKIDS,GwkEDwePTa6aFosh9xzAniGK1zvLrQ5yPJfLnqwmuyhG,40124.0,8476.07,237869.73,853586.24,1,13,14,1,2,400,20000
324,LSZmgFnezyfSyWW5xn6dc8fC253cnwYTGgf1TZLGapE-So11111111111111111111111111111111111111112,DEFAPE-WSOL,DEFAPE,LSZmgFnezyfSyWW5xn6dc8fC253cnwYTGgf1TZLGapE,WSOL,So11111111111111111111111111111111111111112,44064.6,8438.47,27712.64,367154.02,1,2,3,1,2,400,20000
325,So11111111111111111111111111111111111111112-E3enwdJowhDeRe3f7mMwAZGVkJ5aWEtPUGRusP2Jpump,WSOL-UNIPCS,WSOL,So11111111111111111111111111111111111111112,UNIPCS,E3enwdJowhDeRe3f7mMwAZGVkJ5aWEtPUGRusP2Jpump,42999.77,8375.99,224580.33,740922.78,2,0,2,1,2,400,20000
326,So11111111111111111111111111111111111111112-H33XL6HHDReCVRgSApZpsXM7Hy7JGyLztRJaGxjapump,WSOL-APPLE,WSOL,So11111111111111111111111111111111111111112,APPLE,H33XL6HHDReCVRgSApZpsXM7Hy7JGyLztRJaGxjapump,182447.7,8299.95,248061.32,708682.58,1,16,17,1,2,400,20000
327,So11111111111111111111111111111111111111112-GangK9z6ebVdonVRAbMwsQzy2ougUAK5x1GQ7Uf7daos,WSOL-BBL,WSOL,So11111111111111111111111111111111111111112,BBL,GangK9z6ebVdonVRAbMwsQzy2ougUAK5x1GQ7Uf7daos,78362.25,8218.01,225930.44,1071225.88,3,0,3,1,2,400,20000
328,So11111111111111111111111111111111111111112-7uJrMsDN2Wxdc3VAq1iK9N5AHaTA7wUpbm1wqRonpump,WSOL-BETH,WSOL,So11111111111111111111111111111111111111112,BETH,7uJrMsDN2Wxdc3VAq1iK9N5AHaTA7wUpbm1wqRonpump,63479.96,8165.69,58206.17,271661.52,3,0,3,1,2,400,20000
329,So11111111111111111111111111111111111111112-GACpABn18xqiSJbD9ZEyArJDT9RHRMUut5nK9Z9Spump,WSOL-TRENCH,WSOL,So11111111111111111111111111111111111111112,TRENCH,GACpABn18xqiSJbD9ZEyArJDT9RHRMUut5nK9Z9Spump,163767.22,8117.9,220325.66,516665.62,1,4,5,1,2,400,20000
330,So11111111111111111111111111111111111111112-3u4XvCjmTmQmcvjoxo1z8y3wnRdtnCuv6N9WkiE6FJvH,WSOL-FUNGI,WSOL,So11111111111111111111111111111111111111112,FUNGI,3u4XvCjmTmQmcvjoxo1z8y3wnRdtnCuv6N9WkiE6FJvH,127364.65,7882.79,28064.96,158561.27,1,1,2,1,2,400,20000
331,So11111111111111111111111111111111111111112-CTgiaZUK12kCcB8sosn4Nt2NZtzLgtPqDwyQyr2syATC,WSOL-BITCOIN,WSOL,So11111111111111111111111111111111111111112,BITCOIN,CTgiaZUK12kCcB8sosn4Nt2NZtzLgtPqDwyQyr2syATC,276104.34,7874.44,269602.33,1040476.64,1,4,5,1,2,400,20000
332,So11111111111111111111111111111111111111112-8Cd7wXoPb5Yt9cUGtmHNqAEmpMDrhfcVqnGbLC48b8Qm,WSOL-LEO,WSOL,So11111111111111111111111111111111111111112,LEO,8Cd7wXoPb5Yt9cUGtmHNqAEmpMDrhfcVqnGbLC48b8Qm,59605.14,7799.36,55951.88,85360.05,2,0,2,1,2,400,20000
333,So11111111111111111111111111111111111111112-361pUXTPohPEgcnCVm7DUvNziizK37gVxLN3cw9Vpump,WSOL-CHORUZ,WSOL,So11111111111111111111111111111111111111112,CHORUZ,361pUXTPohPEgcnCVm7DUvNziizK37gVxLN3cw9Vpump,88978.2,7738.9,31352.96,176349.21,1,4,5,1,2,400,20000
334,So11111111111111111111111111111111111111112-76PsEyML7UV9uiBDWMdG3itRRuupDuRs6nNpjNBpump,WSOL-PPCOIN,WSOL,So11111111111111111111111111111111111111112,PPCOIN,76PsEyML7UV9uiBDWMdG3itRRuupDuRs6nNpjNBpump,91265.97,7673.79,73446.75,200062.58,1,7,8,1,2,400,20000
335,So11111111111111111111111111111111111111112-CmpuL8k9KY3NrpfDRoJrVmuwd1zRMFRUxX55avyGpump,WSOL-Jarvis,WSOL,So11111111111111111111111111111111111111112,Jarvis,CmpuL8k9KY3NrpfDRoJrVmuwd1zRMFRUxX55avyGpump,88588.22,7586.43,183317.93,301234.86,1,3,4,1,2,400,20000
336,So11111111111111111111111111111111111111112-62CsquahdQ3J286G9UTqV6whxryfihdV4yg7kSJnpump,WSOL-BGG1,WSOL,So11111111111111111111111111111111111111112,BGG1,62CsquahdQ3J286G9UTqV6whxryfihdV4yg7kSJnpump,250508.62,7512.2,212589.35,522947.61,1,15,16,1,2,400,20000
337,7nFYpHyhDgzg3ioU2JFko5kaVwm6bjkL4MtbUiVAiYbJ-So11111111111111111111111111111111111111112,NET-WSOL,NET,7nFYpHyhDgzg3ioU2JFko5kaVwm6bjkL4MtbUiVAiYbJ,WSOL,So11111111111111111111111111111111111111112,22416.85,7314.96,53020.44,107136.06,2,0,2,1,2,400,20000
338,R6Res6qfWxgDGom5CpUEvxt7DNJu62bWvbgj7Vkboop-So11111111111111111111111111111111111111112,PORK-WSOL,PORK,R6Res6qfWxgDGom5CpUEvxt7DNJu62bWvbgj7Vkboop,WSOL,So11111111111111111111111111111111111111112,30145.63,7300.64,80138.52,14109331.71,1,4,5,1,2,400,20000
339,So11111111111111111111111111111111111111112-AaWVpk6eZbgBfVbq1UfXw3EXBmAvw4QXov1xHuG7pump,WSOL-TrenchAI,WSOL,So11111111111111111111111111111111111111112,TrenchAI,AaWVpk6eZbgBfVbq1UfXw3EXBmAvw4QXov1xHuG7pump,139606.32,7258.99,136187.19,688439.78,2,17,19,1,2,400,20000
340,So11111111111111111111111111111111111111112-BAezfVmia8UYLt4rst6PCU4dvL2i2qHzqn4wGhytpNJW,WSOL-Ainti,WSOL,So11111111111111111111111111111111111111112,Ainti,BAezfVmia8UYLt4rst6PCU4dvL2i2qHzqn4wGhytpNJW,426676.19,6915.07,247823.88,546825.9,3,10,13,1,2,400,20000
341,So11111111111111111111111111111111111111112-ENTxR2RP8NtvhXzMNFCxE1HazzdV9x7SuZqGyAb4jdED,WSOL-ENT,WSOL,So11111111111111111111111111111111111111112,ENT,ENTxR2RP8NtvhXzMNFCxE1HazzdV9x7SuZqGyAb4jdED,311364.05,6752.81,46836.03,119360.56,4,0,4,1,2,400,20000
342,So11111111111111111111111111111111111111112-7KuFdcfzbc3LLoRHNRWfW1dhbPNzuCv41hyYbfSUpump,WSOL-TDS,WSOL,So11111111111111111111111111111111111111112,TDS,7KuFdcfzbc3LLoRHNRWfW1dhbPNzuCv41hyYbfSUpump,73258.95,6500.8,31818.5,256059.62,2,7,9,1,2,400,20000
343,So11111111111111111111111111111111111111112-5Wd2ALxQfnpgQKCyH4WL9giBiiuuLuJs84CJxfQccvmN,WSOL-speed,WSOL,So11111111111111111111111111111111111111112,speed,5Wd2ALxQfnpgQKCyH4WL9giBiiuuLuJs84CJxfQccvmN,105612.79,6399.29,68938.96,139807.9,1,6,7,1,2,400,20000
344,So11111111111111111111111111111111111111112-zi87E9xtFPRQ2o9qqerFxUDQLZgEkHrhpHDxxZhYi9a,WSOL-SUPA,WSOL,So11111111111111111111111111111111111111112,SUPA,zi87E9xtFPRQ2o9qqerFxUDQLZgEkHrhpHDxxZhYi9a,45714.46,6329.47,34016.71,137173.79,1,8,9,1,2,400,20000
345,So11111111111111111111111111111111111111112-GYKmdfcUmZVrqfcH1g579BGjuzSRijj3LBuwv79rpump,WSOL-wDOG,WSOL,So11111111111111111111111111111111111111112,wDOG,GYKmdfcUmZVrqfcH1g579BGjuzSRijj3LBuwv79rpump,291702.07,6238.66,360226.27,563100.96,2,17,19,1,2,400,20000
346,So11111111111111111111111111111111111111112-62mETtNRaVY5iNsJr5YexsbVg1uyyoLwtoWLSnjApump,WSOL-Stoic,WSOL,So11111111111111111111111111111111111111112,Stoic,62mETtNRaVY5iNsJr5YexsbVg1uyyoLwtoWLSnjApump,120817.3,6109.41,173599.76,583539.56,1,10,11,1,2,400,20000
347,So11111111111111111111111111111111111111112-Ep83qXdvJbofEgpPqphGRq4eMnpjBVUGPYz32QyrWaaC,WSOL-pondSOL,WSOL,So11111111111111111111111111111111111111112,pondSOL,Ep83qXdvJbofEgpPqphGRq4eMnpjBVUGPYz32QyrWaaC,31044.1,6104.98,73697.25,155920.4,1,4,5,1,2,400,20000
348,So11111111111111111111111111111111111111112-nosXBVoaCTtYdLvKY6Csb4AC8JCdQKKAaWYtx2ZMoo7,WSOL-NOS,WSOL,So11111111111111111111111111111111111111112,NOS,nosXBVoaCTtYdLvKY6Csb4AC8JCdQKKAaWYtx2ZMoo7,26262.7,5354.48,155927.51,180213.37,2,13,15,1,2,400,20000
349,So11111111111111111111111111111111111111112-6gh8b2mqUrVb6Ew8Mwt89tNyN9keCDNstzT5cdp5pump,WSOL-VOID,WSOL,So11111111111111111111111111111111111111112,VOID,6gh8b2mqUrVb6Ew8Mwt89tNyN9keCDNstzT5cdp5pump,98622.84,5319.41,58713.09,123051.25,3,0,3,1,2,400,20000
350,So11111111111111111111111111111111111111112-9dLuVbJMd4ZpTpFgmaFHAGSsFwVjtcnzFWaLAA1expHg,WSOL-HEEHEE,WSOL,So11111111111111111111111111111111111111112,HEEHEE,9dLuVbJMd4ZpTpFgmaFHAGSsFwVjtcnzFWaLAA1expHg,213797.23,5254.29,67307.94,244851.36,3,0,3,1,2,400,20000
351,8c71AvjQeKKeWRe8jtTGG1bJ2WiYXQdbjqFbUfhHgSVk-So11111111111111111111111111111111111111112,$GARY-WSOL,$GARY,8c71AvjQeKKeWRe8jtTGG1bJ2WiYXQdbjqFbUfhHgSVk,WSOL,So11111111111111111111111111111111111111112,190475.3,5252.24,52381.92,116957.35,3,0,3,1,2,400,20000
352,8CkiSHHJDHJV4LUoiRMLUhqG58cUkbyJRtcP4Z3mCXNf-So11111111111111111111111111111111111111112,POWSCHE-WSOL,POWSCHE,8CkiSHHJDHJV4LUoiRMLUhqG58cUkbyJRtcP4Z3mCXNf,WSOL,So11111111111111111111111111111111111111112,121515.75,5239.87,36160.49,152600.81,1,2,3,1,2,400,20000
353,GTH3wG3NErjwcf7VGCoXEXkgXSHvYhx5gtATeeM5JAS1-So11111111111111111111111111111111111111112,WHALES-WSOL,WHALES,GTH3wG3NErjwcf7VGCoXEXkgXSHvYhx5gtATeeM5JAS1,WSOL,So11111111111111111111111111111111111111112,323583.62,5172.99,129743.33,591557.53,1,2,3,1,2,400,20000
354,So11111111111111111111111111111111111111112-6n7Janary9fqzxKaJVrhL9TG2F61VbAtwUMu1YZscaQS,WSOL-Hobbes,WSOL,So11111111111111111111111111111111111111112,Hobbes,6n7Janary9fqzxKaJVrhL9TG2F61VbAtwUMu1YZscaQS,166585.92,5155.74,210423.3,796172.72,1,10,11,1,2,400,20000
355,So11111111111111111111111111111111111111112-FABELyo4mGW399dBZJhMeD988o2hEPu3B3LNWtuW4ueN,WSOL-FABEL,WSOL,So11111111111111111111111111111111111111112,FABEL,FABELyo4mGW399dBZJhMeD988o2hEPu3B3LNWtuW4ueN,92213.41,5099.03,233110.53,2850976.96,2,1,3,1,2,400,20000
356,So11111111111111111111111111111111111111112-HW7D5MyYG4Dz2C98axfjVBeLWpsEnofrqy6ZUwqwpump,WSOL-VIRAL,WSOL,So11111111111111111111111111111111111111112,VIRAL,HW7D5MyYG4Dz2C98axfjVBeLWpsEnofrqy6ZUwqwpump,70598.93,5035.91,174543.55,6597727.34,2,7,9,1,2,400,20000
357,E2BGnzHdJNUBtAVR7EyQMuEMHqgv65JL8J9ZyqyXUVvA-So11111111111111111111111111111111111111112,CHINA-WSOL,CHINA,E2BGnzHdJNUBtAVR7EyQMuEMHqgv65JL8J9ZyqyXUVvA,WSOL,So11111111111111111111111111111111111111112,91489.01,4940.6,93445.78,240711.38,1,6,7,1,2,400,20000
358,8c71AvjQeKKeWRe8jtTGG1bJ2WiYXQdbjqFbUfhHgSVk-EPjFWdd5AufqSSqeM2qN1xzybapC8G4wEGGkZwyTDt1v,$GARY-USDC,$GARY,8c71AvjQeKKeWRe8jtTGG1bJ2WiYXQdbjqFbUfhHgSVk,USDC,EPjFWdd5AufqSSqeM2qN1xzybapC8G4wEGGkZwyTDt1v,325174.26,4884.39,43036.16,103060.74,2,0,2,1,2,400,20000
359,GinNabffZL4fUj9Vactxha74GDAW8kDPGaHqMtMzps2f-So11111111111111111111111111111111111111112,GINNAN-WSOL,GINNAN,GinNabffZL4fUj9Vactxha74GDAW8kDPGaHqMtMzps2f,WSOL,So11111111111111111111111111111111111111112,193935.9,4876.43,253240.86,570875.22,2,10,12,1,2,400,20000
360,So11111111111111111111111111111111111111112-Cpzvdx6pppc9TNArsGsqgShCsKC9NCCjA2gtzHvUpump,WSOL-SVMAI,WSOL,So11111111111111111111111111111111111111112,SVMAI,Cpzvdx6pppc9TNArsGsqgShCsKC9NCCjA2gtzHvUpump,107532.19,4876.25,118550.09,230847.39,2,11,13,1,2,400,20000
361,So11111111111111111111111111111111111111112-ERzsfG1aVp8YgDFXSFBNbEQ4YWsNgNVKgsBDVfDs6Jdh,WSOL-DrOdin,WSOL,So11111111111111111111111111111111111111112,DrOdin,ERzsfG1aVp8YgDFXSFBNbEQ4YWsNgNVKgsBDVfDs6Jdh,21018.02,4873.11,19348.04,41902.53,2,0,2,1,2,400,20000
362,So11111111111111111111111111111111111111112-3vJenGaGsuKG5shPhi7rjnuy3MV6xjmBTGjYqYzXpump,WSOL-RAT,WSOL,So11111111111111111111111111111111111111112,RAT,3vJenGaGsuKG5shPhi7rjnuy3MV6xjmBTGjYqYzXpump,119014.95,4811.46,73443.12,173793.73,2,0,2,1,2,400,20000
363,D2JGRcNqq1mLzyL4ruCb27pzYw8FF3nTK4hMz6GmMW56-So11111111111111111111111111111111111111112,🫃-WSOL,🫃,D2JGRcNqq1mLzyL4ruCb27pzYw8FF3nTK4hMz6GmMW56,WSOL,So11111111111111111111111111111111111111112,32687.39,4644.31,27424.33,129158.19,2,0,2,1,2,400,20000
364,So11111111111111111111111111111111111111112-6QSVGUEyBZWRshnXKhS96NQ97vGWiTu61SyHLAbYpump,WSOL-KACY,WSOL,So11111111111111111111111111111111111111112,KACY,6QSVGUEyBZWRshnXKhS96NQ97vGWiTu61SyHLAbYpump,176896.36,4625.29,178431.52,385246.91,2,11,13,1,2,400,20000
365,So11111111111111111111111111111111111111112-orcaEKTdK7LKz57vaAYr9QeNsVEPfiu6QeMU1kektZE,WSOL-ORCA,WSOL,So11111111111111111111111111111111111111112,ORCA,orcaEKTdK7LKz57vaAYr9QeNsVEPfiu6QeMU1kektZE,27078.04,4569.01,80881.53,551128.09,1,11,12,1,2,400,20000
366,MM8o3Sk58NufoS8Zds7MYTC1LcStfCaqinN5T2pdNtp-So11111111111111111111111111111111111111112,ETFS-WSOL,ETFS,MM8o3Sk58NufoS8Zds7MYTC1LcStfCaqinN5T2pdNtp,WSOL,So11111111111111111111111111111111111111112,150782.58,4539.62,15871.61,170743.48,5,0,5,1,2,400,20000
367,So11111111111111111111111111111111111111112-BkVeSP2GsXV3AYoRJBSZTpFE8sXmcuGnRQcFgoWspump,WSOL-autism,WSOL,So11111111111111111111111111111111111111112,autism,BkVeSP2GsXV3AYoRJBSZTpFE8sXmcuGnRQcFgoWspump,165260.1,4509.3,108620.3,348189.01,2,5,7,1,2,400,20000
368,So11111111111111111111111111111111111111112-7AJ1KjzjstMnQGzZk1HAKx2atmvvRqWvmRbdYmnviryq,WSOL-XWH,WSOL,So11111111111111111111111111111111111111112,XWH,7AJ1KjzjstMnQGzZk1HAKx2atmvvRqWvmRbdYmnviryq,124121.08,4508.5,61098.06,255739.18,1,7,8,1,2,400,20000
369,So11111111111111111111111111111111111111112-XANDuUoVoUqniKkpcKhrxmvYJybpJvUxJLr21Gaj3Hx,WSOL-XAND,WSOL,So11111111111111111111111111111111111111112,XAND,XANDuUoVoUqniKkpcKhrxmvYJybpJvUxJLr21Gaj3Hx,263645.26,4499.12,115365.2,331862.21,3,0,3,1,2,400,20000
370,So11111111111111111111111111111111111111112-B4gipVUHKJ7keVN3MWEYDQCHjkdoXGsbmZoTSJDZpump,WSOL-RADIO ,WSOL,So11111111111111111111111111111111111111112,RADIO ,B4gipVUHKJ7keVN3MWEYDQCHjkdoXGsbmZoTSJDZpump,136604.91,4384.65,54687.22,239434.37,1,8,9,1,2,400,20000
371,So11111111111111111111111111111111111111112-yLUD35WTiPLEY6DUqEj5W2JVXF2DfKB5arPkKJXpump,WSOL-APY,WSOL,So11111111111111111111111111111111111111112,APY,yLUD35WTiPLEY6DUqEj5W2JVXF2DfKB5arPkKJXpump,224787.61,4372.3,163340.73,993329.02,1,9,10,1,2,400,20000
372,So11111111111111111111111111111111111111112-71AZt4P5kc5vpfTJR1HjNbMzD84G7vxam4DtL3kJpump,WSOL-blormmy,WSOL,So11111111111111111111111111111111111111112,blormmy,71AZt4P5kc5vpfTJR1HjNbMzD84G7vxam4DtL3kJpump,400592.08,4283.39,116606.66,912234.45,1,7,8,1,2,400,20000
373,So11111111111111111111111111111111111111112-AuQaustGiaqxRvj2gtCdrd22PBzTn8kM3kEPEkZCtuDw,WSOL-ADX,WSOL,So11111111111111111111111111111111111111112,ADX,AuQaustGiaqxRvj2gtCdrd22PBzTn8kM3kEPEkZCtuDw,164529.51,4250.29,65084.33,396614.65,1,5,6,1,2,400,20000
374,So11111111111111111111111111111111111111112-STKmfGGegeoYqrHrJ3nvTafSvRC6GJJBbLwN1cqpump,WSOL-NOVA,WSOL,So11111111111111111111111111111111111111112,NOVA,STKmfGGegeoYqrHrJ3nvTafSvRC6GJJBbLwN1cqpump,57638.98,4065.51,13064.96,27792.54,1,6,7,1,2,400,20000
375,So11111111111111111111111111111111111111112-AxDKAyDsC7p8C5MeDFX6FKV2MPCSGwzkRfGY2qZZpump,WSOL-NOVA,WSOL,So11111111111111111111111111111111111111112,NOVA,AxDKAyDsC7p8C5MeDFX6FKV2MPCSGwzkRfGY2qZZpump,143042.72,4032.17,223229.97,643042.3,2,0,2,1,2,400,20000
376,So11111111111111111111111111111111111111112-mm7g78aMJZv8QB4Q15qbsM3UQJZWof85vwC2NSxRh2Q,WSOL-YURU,WSOL,So11111111111111111111111111111111111111112,YURU,mm7g78aMJZv8QB4Q15qbsM3UQJZWof85vwC2NSxRh2Q,130586.47,4025.64,14745.79,69118.01,2,0,2,1,2,400,20000
377,degod39zqQWzpG6h4b7SJLLTCFE6FeZnZD8BwHBFxaN-So11111111111111111111111111111111111111112,DEGOD-WSOL,DEGOD,degod39zqQWzpG6h4b7SJLLTCFE6FeZnZD8BwHBFxaN,WSOL,So11111111111111111111111111111111111111112,690143.81,3941.74,186489.2,314145.42,2,13,15,1,2,400,20000
378,So11111111111111111111111111111111111111112-E4wg8YF472u8oiLvSNKB84Y23gZhkSQ3PSCJaUj4pump,WSOL-LEXICON,WSOL,So11111111111111111111111111111111111111112,LEXICON,E4wg8YF472u8oiLvSNKB84Y23gZhkSQ3PSCJaUj4pump,93604.43,3936.7,26383.47,48623.61,1,13,14,1,2,400,20000
379,49ztDWXk7qEfz8Y1t8owmhLhewiA3ptVNPpRGAjRd8Wh-So11111111111111111111111111111111111111112,NYAN-WSOL,NYAN,49ztDWXk7qEfz8Y1t8owmhLhewiA3ptVNPpRGAjRd8Wh,WSOL,So11111111111111111111111111111111111111112,83160.99,3927.4,88518.49,532703.28,2,4,6,1,2,400,20000
380,So11111111111111111111111111111111111111112-Fu4jQQpUnECSVQrVfeeVPpQpXQffM75LL328EJPtpump,WSOL-symx,WSOL,So11111111111111111111111111111111111111112,symx,Fu4jQQpUnECSVQrVfeeVPpQpXQffM75LL328EJPtpump,83971.05,3897.67,67736.31,169245.53,1,10,11,1,2,400,20000
381,FYa25XnBsXQXAdTnsyKBKd5gZ1VZhChBRF57CqfRxJZX-So11111111111111111111111111111111111111112,monk-WSOL,monk,FYa25XnBsXQXAdTnsyKBKd5gZ1VZhChBRF57CqfRxJZX,WSOL,So11111111111111111111111111111111111111112,206937.09,3886.48,141996.92,379220.12,2,8,10,1,2,400,20000
382,So11111111111111111111111111111111111111112-DriFtupJYLTosbwoN8koMbEYSx54aFAVLddWsbksjwg7,WSOL-DRIFT,WSOL,So11111111111111111111111111111111111111112,DRIFT,DriFtupJYLTosbwoN8koMbEYSx54aFAVLddWsbksjwg7,33146.63,3873.92,46145.44,272504.74,1,21,22,1,2,400,20000
383,So11111111111111111111111111111111111111112-G6haJithfeUgSghVpu1rDPCq2NFiYcJFHNpHEANbpump,WSOL-RM9000,WSOL,So11111111111111111111111111111111111111112,RM9000,G6haJithfeUgSghVpu1rDPCq2NFiYcJFHNpHEANbpump,98618.95,3784.6,32933.0,136734.69,1,10,11,1,2,400,20000
384,So11111111111111111111111111111111111111112-jUpa2aDCzvdR9EF4fqDXmuyMUkonPTohphABLmRkRFj,WSOL-RIFT,WSOL,So11111111111111111111111111111111111111112,RIFT,jUpa2aDCzvdR9EF4fqDXmuyMUkonPTohphABLmRkRFj,353130.82,3783.76,34112.51,122394.85,3,11,14,1,2,400,20000
385,So11111111111111111111111111111111111111112-9Yt5tHLFB2Uz1yg3cyEpTN4KTSWhiGpKxXPJ8HX3hat,WSOL-KWANT,WSOL,So11111111111111111111111111111111111111112,KWANT,9Yt5tHLFB2Uz1yg3cyEpTN4KTSWhiGpKxXPJ8HX3hat,90658.88,3711.95,127880.98,481230.21,1,9,10,1,2,400,20000
386,So11111111111111111111111111111111111111112-AXGmqhcKcPC4bC7vNpxGtu5oEwoEEnyeQUdw9YwYWF1q,WSOL-URKO,WSOL,So11111111111111111111111111111111111111112,URKO,AXGmqhcKcPC4bC7vNpxGtu5oEwoEEnyeQUdw9YwYWF1q,49086.97,3708.08,34187.8,100566.22,3,0,3,1,2,400,20000
387,So11111111111111111111111111111111111111112-4xieJTWvYfWGTdZYjxZNePjqGu74NexmcjLUpfFLVAPx,WSOL-CYB,WSOL,So11111111111111111111111111111111111111112,CYB,4xieJTWvYfWGTdZYjxZNePjqGu74NexmcjLUpfFLVAPx,27130.6,3673.52,14656.25,89827.72,2,3,5,1,2,400,20000
388,So11111111111111111111111111111111111111112-FMhxJLNmbw6UVKN3ANDKhFdgdEgqJiUEDnBgtDW4pump,WSOL-JASPER,WSOL,So11111111111111111111111111111111111111112,JASPER,FMhxJLNmbw6UVKN3ANDKhFdgdEgqJiUEDnBgtDW4pump,79620.32,3645.5,98596.73,178903.62,1,13,14,1,2,400,20000
389,So11111111111111111111111111111111111111112-Bw5K8eZaf361uDLHgX2UUn1PNfC7XtgQVvY9sSappump,WSOL-MANA,WSOL,So11111111111111111111111111111111111111112,MANA,Bw5K8eZaf361uDLHgX2UUn1PNfC7XtgQVvY9sSappump,149771.92,3611.67,58109.14,547863.86,2,11,13,1,2,400,20000
390,So11111111111111111111111111111111111111112-BDW8YHasD3NSDjSHU9Xy6KXtshGayMGQfj5bJpLcpump,WSOL-HTERM,WSOL,So11111111111111111111111111111111111111112,HTERM,BDW8YHasD3NSDjSHU9Xy6KXtshGayMGQfj5bJpLcpump,83831.39,3594.58,68298.89,448705.85,1,12,13,1,2,400,20000
391,So11111111111111111111111111111111111111112-5Kh2xc7X2qfRig2DZyGkuEXw7jeXUXoei7U6GBjfpump,WSOL-SEDUX,WSOL,So11111111111111111111111111111111111111112,SEDUX,5Kh2xc7X2qfRig2DZyGkuEXw7jeXUXoei7U6GBjfpump,31653.51,3553.89,16567.66,32017.13,1,3,4,1,2,400,20000
392,So11111111111111111111111111111111111111112-9UNqoPEXXxEnEphmyYsZYdL5dnmAUtdiKRUchpnUF5Ph,WSOL-$WHISKEY,WSOL,So11111111111111111111111111111111111111112,$WHISKEY,9UNqoPEXXxEnEphmyYsZYdL5dnmAUtdiKRUchpnUF5Ph,303351.87,3537.62,40141.83,196295.24,2,0,2,1,2,400,20000
393,So11111111111111111111111111111111111111112-M5MFPbS4X6eYek21xhFU38DTavMLuGY9eyC5p8Tpump,WSOL-ZACHXBT,WSOL,So11111111111111111111111111111111111111112,ZACHXBT,M5MFPbS4X6eYek21xhFU38DTavMLuGY9eyC5p8Tpump,97935.02,3515.91,11884.07,20179.12,2,0,2,1,2,400,20000
394,So11111111111111111111111111111111111111112-2xK7SDPUY1oCwch8G8guUPtTSGiAQCbZykR5Y4dCpump,WSOL-STONES,WSOL,So11111111111111111111111111111111111111112,STONES,2xK7SDPUY1oCwch8G8guUPtTSGiAQCbZykR5Y4dCpump,69080.17,3470.03,34389.02,74234.15,2,0,2,1,2,400,20000
395,So11111111111111111111111111111111111111112-DexxZWtZd8hdmeth9gKYXgTWa1VYdMVrWFBZ9RXXXhBn,WSOL-Kekec,WSOL,So11111111111111111111111111111111111111112,Kekec,DexxZWtZd8hdmeth9gKYXgTWa1VYdMVrWFBZ9RXXXhBn,29066.35,3326.49,29775.29,134669.54,3,2,5,1,2,400,20000
396,So11111111111111111111111111111111111111112-Cg93SZJkHePybZqGDuyXLf5Ag5sB2cpWfHUG8wNPpump,WSOL-alpha,WSOL,So11111111111111111111111111111111111111112,alpha,Cg93SZJkHePybZqGDuyXLf5Ag5sB2cpWfHUG8wNPpump,106941.94,3306.32,50358.09,378888.24,1,8,9,1,2,400,20000
397,So11111111111111111111111111111111111111112-77RBCP95AFT9XRsx4xuGUHjBQsjcatGYCZ2VXx8Epump,WSOL-HUAHUA,WSOL,So11111111111111111111111111111111111111112,HUAHUA,77RBCP95AFT9XRsx4xuGUHjBQsjcatGYCZ2VXx8Epump,83726.04,3163.28,185141.09,277979.91,1,8,9,1,2,400,20000
398,So11111111111111111111111111111111111111112-2CsJHNyj74zK6Jaiq2UayPAXFEjmL5UKhpeLNaH45Fud,WSOL-GIZMO,WSOL,So11111111111111111111111111111111111111112,GIZMO,2CsJHNyj74zK6Jaiq2UayPAXFEjmL5UKhpeLNaH45Fud,124512.89,3026.33,51351.72,105050.79,2,0,2,1,2,400,20000
399,So11111111111111111111111111111111111111112-FqvtZ2UFR9we82Ni4LeacC1zyTiQ77usDo31DUokpump,WSOL-$slop,WSOL,So11111111111111111111111111111111111111112,$slop,FqvtZ2UFR9we82Ni4LeacC1zyTiQ77usDo31DUokpump,108499.88,2968.39,11517.77,30899.87,1,13,14,1,2,400,20000
400,So11111111111111111111111111111111111111112-6bn6rKWbTRAQwizwqEfcmpAtoAMnqzfG7F8DYMK5reYn,WSOL-WOJAK,WSOL,So11111111111111111111111111111111111111112,WOJAK,6bn6rKWbTRAQwizwqEfcmpAtoAMnqzfG7F8DYMK5reYn,22805.34,2966.36,40394.28,161044.41,2,0,2,1,2,400,20000
401,So11111111111111111111111111111111111111112-7ZCm8WBN9aLa3o47SoYctU6iLdj7wkGG5SV2hE5CgtD5,WSOL-ELON,WSOL,So11111111111111111111111111111111111111112,ELON,7ZCm8WBN9aLa3o47SoYctU6iLdj7wkGG5SV2hE5CgtD5,178248.37,2930.83,1226609.61,1533837.55,2,0,2,1,2,400,20000
402,So11111111111111111111111111111111111111112-Gh8yeA9vH5Fun7J6esFH3mV65cQTBpxk9Z5XpzU7pump,WSOL-RHUN,WSOL,So11111111111111111111111111111111111111112,RHUN,Gh8yeA9vH5Fun7J6esFH3mV65cQTBpxk9Z5XpzU7pump,91172.32,2913.92,66389.48,180912.27,1,7,8,1,2,400,20000
403,So11111111111111111111111111111111111111112-3Rcc6tMyS7ZEa29dxV4g3J5StorS9J1dn98gd42pZTk1,WSOL-MIMANY,WSOL,So11111111111111111111111111111111111111112,MIMANY,3Rcc6tMyS7ZEa29dxV4g3J5StorS9J1dn98gd42pZTk1,114156.65,2878.41,29100.41,219517.82,2,9,11,1,2,400,20000
404,So11111111111111111111111111111111111111112-AbrMJWfDVRZ2EWCQ1xSCpoVeVgZNpq1U2AoYG98oRXfn,WSOL-Cheese,WSOL,So11111111111111111111111111111111111111112,Cheese,AbrMJWfDVRZ2EWCQ1xSCpoVeVgZNpq1U2AoYG98oRXfn,114647.91,2739.64,41169.21,181047.4,1,8,9,1,2,400,20000
405,AuQaustGiaqxRvj2gtCdrd22PBzTn8kM3kEPEkZCtuDw-EPjFWdd5AufqSSqeM2qN1xzybapC8G4wEGGkZwyTDt1v,ADX-USDC,ADX,AuQaustGiaqxRvj2gtCdrd22PBzTn8kM3kEPEkZCtuDw,USDC,EPjFWdd5AufqSSqeM2qN1xzybapC8G4wEGGkZwyTDt1v,139166.64,2702.59,47232.09,322154.77,2,10,12,1,2,400,20000
406,3FoUAsGDbvTD6YZ4wVKJgTB76onJUKz7GPEBNiR5b8wc-EPjFWdd5AufqSSqeM2qN1xzybapC8G4wEGGkZwyTDt1v,CHEEMS-USDC,CHEEMS,3FoUAsGDbvTD6YZ4wVKJgTB76onJUKz7GPEBNiR5b8wc,USDC,EPjFWdd5AufqSSqeM2qN1xzybapC8G4wEGGkZwyTDt1v,64884.18,2687.82,27789.75,379566.91,2,0,2,1,2,400,20000
407,So11111111111111111111111111111111111111112-J1ow1c3ExcJYQmgNFRPfCp1LMYRf6P3A33isDcBmpump,WSOL-ZODs,WSOL,So11111111111111111111111111111111111111112,ZODs,J1ow1c3ExcJYQmgNFRPfCp1LMYRf6P3A33isDcBmpump,161482.95,2671.92,125807.25,294429.51,1,7,8,1,2,400,20000
408,So11111111111111111111111111111111111111112-2HHgCLfKA5Rd1Fn9xAxfYzS3XoR5NnuxKDYz2EmWpump,WSOL-SBR,WSOL,So11111111111111111111111111111111111111112,SBR,2HHgCLfKA5Rd1Fn9xAxfYzS3XoR5NnuxKDYz2EmWpump,147523.02,2642.71,91142.78,555214.65,1,9,10,1,2,400,20000
409,So11111111111111111111111111111111111111112-EmBBhcqgm2acaXv9dXQFyDZDkhL4YMoWnGdHaMQJpump,WSOL-BWT,WSOL,So11111111111111111111111111111111111111112,BWT,EmBBhcqgm2acaXv9dXQFyDZDkhL4YMoWnGdHaMQJpump,117892.93,2639.8,41899.65,162196.32,1,9,10,1,2,400,20000
410,So11111111111111111111111111111111111111112-9M26M7CxkJdaewdiH8v5kSiiXKbWBBirTE1QmXHmDvVg,WSOL-Norm,WSOL,So11111111111111111111111111111111111111112,Norm,9M26M7CxkJdaewdiH8v5kSiiXKbWBBirTE1QmXHmDvVg,38321.72,2588.75,3877.97,26115.61,2,10,12,1,2,400,20000
411,So11111111111111111111111111111111111111112-GTiMaW6FNPLrWNVLYk5KkLApxiHvCwbGr9KdueGypump,WSOL-isaac,WSOL,So11111111111111111111111111111111111111112,isaac,GTiMaW6FNPLrWNVLYk5KkLApxiHvCwbGr9KdueGypump,66168.0,2543.18,47354.67,80040.19,1,3,4,1,2,400,20000
412,So11111111111111111111111111111111111111112-DqrcZRHM9JuCUhnLyaWF7rLLjxE5h3MbiG7iferUpump,WSOL-CATG,WSOL,So11111111111111111111111111111111111111112,CATG,DqrcZRHM9JuCUhnLyaWF7rLLjxE5h3MbiG7iferUpump,45282.98,2543.07,26756.82,387028.99,2,15,17,1,2,400,20000
413,So11111111111111111111111111111111111111112-3fGoNjPohYRVPk9iJuwEW5WuURU5gmAdSRgNgeaanexQ,WSOL-KEYDOG,WSOL,So11111111111111111111111111111111111111112,KEYDOG,3fGoNjPohYRVPk9iJuwEW5WuURU5gmAdSRgNgeaanexQ,56635.19,2535.86,37478.57,99809.89,2,3,5,1,2,400,20000
414,So11111111111111111111111111111111111111112-2KchKijPuwnwC92LPWVjFjRwB3WxKtzx9bbXZ7kRpump,WSOL-FUKU,WSOL,So11111111111111111111111111111111111111112,FUKU,2KchKijPuwnwC92LPWVjFjRwB3WxKtzx9bbXZ7kRpump,96086.51,2430.7,45789.38,310765.01,2,10,12,1,2,400,20000
415,5e41GfrQwTP74LgGt6WP9kw6xa1jQhAERCjnFKf74y52-So11111111111111111111111111111111111111112,VHS -WSOL,VHS ,5e41GfrQwTP74LgGt6WP9kw6xa1jQhAERCjnFKf74y52,WSOL,So11111111111111111111111111111111111111112,121927.78,2425.31,84651.88,208598.02,1,8,9,1,2,400,20000
416,So11111111111111111111111111111111111111112-BYMCXiiA4om347ChR4t6bYHzkKJwnULLAg72BeDdpump,WSOL-LORE,WSOL,So11111111111111111111111111111111111111112,LORE,BYMCXiiA4om347ChR4t6bYHzkKJwnULLAg72BeDdpump,37313.43,2358.05,9551.22,325872.77,2,0,2,1,2,400,20000
417,So11111111111111111111111111111111111111112-8PVFdKx7fX1FmmoASfTu5CUPEWuD1WY73Z24UTgCpump,WSOL-MPUP,WSOL,So11111111111111111111111111111111111111112,MPUP,8PVFdKx7fX1FmmoASfTu5CUPEWuD1WY73Z24UTgCpump,74819.83,2260.32,31345.34,95325.62,1,4,5,1,2,400,20000
418,EPjFWdd5AufqSSqeM2qN1xzybapC8G4wEGGkZwyTDt1v-Hg8bKz4mvs8KNj9zew1cEF9tDw1x2GViB4RFZjVEmfrD,USDC-,USDC,EPjFWdd5AufqSSqeM2qN1xzybapC8G4wEGGkZwyTDt1v,,Hg8bKz4mvs8KNj9zew1cEF9tDw1x2GViB4RFZjVEmfrD,30160.54,2255.02,60230.85,77483.57,2,3,5,1,2,400,20000
419,So11111111111111111111111111111111111111112-2q8Y8rubbsaaA3faq8Ytsk382JXgtKdn23qjNXhSpump,WSOL-ROSS,WSOL,So11111111111111111111111111111111111111112,ROSS,2q8Y8rubbsaaA3faq8Ytsk382JXgtKdn23qjNXhSpump,393334.1,2223.19,77430.88,266598.66,4,11,15,1,2,400,20000
420,GENEtH5amGSi8kHAtQoezp1XEXwZJ8vcuePYnXdKrMYz-EPjFWdd5AufqSSqeM2qN1xzybapC8G4wEGGkZwyTDt1v,GENE-USDC,GENE,GENEtH5amGSi8kHAtQoezp1XEXwZJ8vcuePYnXdKrMYz,USDC,EPjFWdd5AufqSSqeM2qN1xzybapC8G4wEGGkZwyTDt1v,30449.35,2208.67,36520.65,233036.31,1,3,4,1,2,400,20000
421,6DSqVXg9WLTWgz6LACqxN757QdHe1sCqkUfojWmxWtok-So11111111111111111111111111111111111111112,CORN-WSOL,CORN,6DSqVXg9WLTWgz6LACqxN757QdHe1sCqkUfojWmxWtok,WSOL,So11111111111111111111111111111111111111112,87674.69,2175.16,11434.03,83687.69,1,5,6,1,2,400,20000
422,So11111111111111111111111111111111111111112-5UmDWgyLV1JBg8Jr8NwyezXdQkiU3vHGJu2efm7Cpump,WSOL-AGENCY,WSOL,So11111111111111111111111111111111111111112,AGENCY,5UmDWgyLV1JBg8Jr8NwyezXdQkiU3vHGJu2efm7Cpump,98603.99,2167.28,41581.74,164292.95,1,9,10,1,2,400,20000
423,So11111111111111111111111111111111111111112-8vCAUbxejdtaxn6jnX5uaQTyTZLmXALg9u1bvFCAjtx7,WSOL-ZACK,WSOL,So11111111111111111111111111111111111111112,ZACK,8vCAUbxejdtaxn6jnX5uaQTyTZLmXALg9u1bvFCAjtx7,181660.18,2128.96,38117.21,115973.75,2,0,2,1,2,400,20000
424,So11111111111111111111111111111111111111112-HmAgiwjjP9CXqK5wQNsHKtjAt2CH3Kv8Q7xH5kGL2nqZ,WSOL-Barron,WSOL,So11111111111111111111111111111111111111112,Barron,HmAgiwjjP9CXqK5wQNsHKtjAt2CH3Kv8Q7xH5kGL2nqZ,146093.28,2110.74,19888.45,167209.61,2,0,2,1,2,400,20000
425,HfYFjMKNZygfMC8LsQ8LtpPsPxEJoXJx4M6tqi75Hajo-EPjFWdd5AufqSSqeM2qN1xzybapC8G4wEGGkZwyTDt1v,CWAR-USDC,CWAR,HfYFjMKNZygfMC8LsQ8LtpPsPxEJoXJx4M6tqi75Hajo,USDC,EPjFWdd5AufqSSqeM2qN1xzybapC8G4wEGGkZwyTDt1v,66258.55,1995.08,12541.3,42282.58,2,0,2,1,2,400,20000
426,Comai3YgiVY2p5ep635Pk4P6jNQHNhigvzeTcB6V7dyj-So11111111111111111111111111111111111111112,wCOMAI-WSOL,wCOMAI,Comai3YgiVY2p5ep635Pk4P6jNQHNhigvzeTcB6V7dyj,WSOL,So11111111111111111111111111111111111111112,33022.53,1924.86,27945.97,96135.82,2,0,2,1,2,400,20000
427,So11111111111111111111111111111111111111112-FR382Gv7RxrEb2q1MZkP9athyJC9rUBt8M2jKfyKpump,WSOL-Jarvis,WSOL,So11111111111111111111111111111111111111112,Jarvis,FR382Gv7RxrEb2q1MZkP9athyJC9rUBt8M2jKfyKpump,41100.67,1895.83,11889.4,63455.89,1,3,4,1,2,400,20000
428,So11111111111111111111111111111111111111112-CVU6QRwpHz94UGyPFFehm1G1sFYRH7xDk9UhZ9RApump,WSOL-000,WSOL,So11111111111111111111111111111111111111112,000,CVU6QRwpHz94UGyPFFehm1G1sFYRH7xDk9UhZ9RApump,161672.89,1856.3,78148.55,203626.3,1,5,6,1,2,400,20000
429,So11111111111111111111111111111111111111112-aPig1huDbdDTR9HmJBSHK5jiHrG3o2ZThdG4xPDpump,WSOL-SOURCE,WSOL,So11111111111111111111111111111111111111112,SOURCE,aPig1huDbdDTR9HmJBSHK5jiHrG3o2ZThdG4xPDpump,50931.16,1817.48,14827.35,40492.27,2,2,4,1,2,400,20000
430,piinKrjeiUVwhnXzsgNCV2aVGsBc4GwHQ9eCtkAgcTw-So11111111111111111111111111111111111111112,piin-WSOL,piin,piinKrjeiUVwhnXzsgNCV2aVGsBc4GwHQ9eCtkAgcTw,WSOL,So11111111111111111111111111111111111111112,68919.21,1795.11,19337.92,88439.68,3,0,3,1,2,400,20000
431,So11111111111111111111111111111111111111112-B8hCuoikV9gLeuwmTyhNdLbPnb5k3P77Q7WTtEM7pump,WSOL-HOLO,WSOL,So11111111111111111111111111111111111111112,HOLO,B8hCuoikV9gLeuwmTyhNdLbPnb5k3P77Q7WTtEM7pump,70120.46,1763.86,15772.21,132286.44,1,18,19,1,2,400,20000
432,So11111111111111111111111111111111111111112-3UYS3XXYC9yWvNyBWFKqqb5w9YQfX65RQzoAKd8jEUCB,WSOL-WING,WSOL,So11111111111111111111111111111111111111112,WING,3UYS3XXYC9yWvNyBWFKqqb5w9YQfX65RQzoAKd8jEUCB,89833.7,1751.45,16763.62,89786.34,4,0,4,1,2,400,20000
433,So11111111111111111111111111111111111111112-4ytpZgVoNB66bFs6NRCUaAVsLdtYk2fHq4U92Jnjpump,WSOL-BTW,WSOL,So11111111111111111111111111111111111111112,BTW,4ytpZgVoNB66bFs6NRCUaAVsLdtYk2fHq4U92Jnjpump,123141.7,1725.86,27838.61,147074.51,2,0,2,1,2,400,20000
434,JDwzFSxcUvLubUb9xAuuZNvh4bbcEJcuM9TezpmRHVWF-So11111111111111111111111111111111111111112,doodoo-WSOL,doodoo,JDwzFSxcUvLubUb9xAuuZNvh4bbcEJcuM9TezpmRHVWF,WSOL,So11111111111111111111111111111111111111112,518588.79,1719.85,19933.84,61572.46,2,0,2,1,2,400,20000
435,4xnxNjLkeVoJEAUFjj5xTvkdTLGYHtrdyyXThGDFhwmr-So11111111111111111111111111111111111111112,GOFURS-WSOL,GOFURS,4xnxNjLkeVoJEAUFjj5xTvkdTLGYHtrdyyXThGDFhwmr,WSOL,So11111111111111111111111111111111111111112,366208.56,1715.11,1857.38,8550.43,2,0,2,1,2,400,20000
436,So11111111111111111111111111111111111111112-61yG5LCoeoqzBdopXPy6BsVPTGdRXht95L68hj5ipump,WSOL-SANDY,WSOL,So11111111111111111111111111111111111111112,SANDY,61yG5LCoeoqzBdopXPy6BsVPTGdRXht95L68hj5ipump,87309.83,1697.82,28698.42,112436.98,1,5,6,1,2,400,20000
437,So11111111111111111111111111111111111111112-54Ah6XTV7n27SuFa2sqyz7DSoRmVmFTbB6wbuzqPpump,WSOL-Terminus,WSOL,So11111111111111111111111111111111111111112,Terminus,54Ah6XTV7n27SuFa2sqyz7DSoRmVmFTbB6wbuzqPpump,32197.29,1675.41,3120.14,142634.34,2,0,2,1,2,400,20000
438,So11111111111111111111111111111111111111112-EmhVWGUa2Q9PN4QjzFjvuVyzFKg4s3ERwjKR9dQDpump,WSOL-DTF,WSOL,So11111111111111111111111111111111111111112,DTF,EmhVWGUa2Q9PN4QjzFjvuVyzFKg4s3ERwjKR9dQDpump,217630.43,1626.87,190262.91,887713.04,2,4,6,1,2,400,20000
439,So11111111111111111111111111111111111111112-2aWos2YsA6YjN5DHX77diRUx7SKMg7H1U8hqL2N1iy5o,WSOL-GRFT,WSOL,So11111111111111111111111111111111111111112,GRFT,2aWos2YsA6YjN5DHX77diRUx7SKMg7H1U8hqL2N1iy5o,73230.64,1621.77,22388.72,90805.71,2,2,4,1,2,400,20000
440,So11111111111111111111111111111111111111112-2iygm3ZBu3YRDiJREMrZTLayffBJBShTrhEe9iyYpump,WSOL-UP,WSOL,So11111111111111111111111111111111111111112,UP,2iygm3ZBu3YRDiJREMrZTLayffBJBShTrhEe9iyYpump,32793.55,1620.17,23003.54,82343.65,2,0,2,1,2,400,20000
441,So11111111111111111111111111111111111111112-J5tzd1ww1V1qrgDUQHVCGqpmpbnEnjzGs9LAqJxwkNde,WSOL-FRN,WSOL,So11111111111111111111111111111111111111112,FRN,J5tzd1ww1V1qrgDUQHVCGqpmpbnEnjzGs9LAqJxwkNde,27308.29,1595.98,5537.91,13162.91,2,0,2,1,2,400,20000
442,So11111111111111111111111111111111111111112-FFgfStKwuF3DSxEeogA69FNkPrkb7XDA5Tw29TBEpump,WSOL-GNZ,WSOL,So11111111111111111111111111111111111111112,GNZ,FFgfStKwuF3DSxEeogA69FNkPrkb7XDA5Tw29TBEpump,46330.8,1512.39,14525.56,203771.93,1,10,11,1,2,400,20000
443,So11111111111111111111111111111111111111112-e8NFqLCMJBfDTUUARoniADgQtSEFmZNBksPxYzepump,WSOL-gooch coin,WSOL,So11111111111111111111111111111111111111112,gooch coin,e8NFqLCMJBfDTUUARoniADgQtSEFmZNBksPxYzepump,53137.49,1485.96,29523.94,622343.24,3,10,13,1,2,400,20000
444,So11111111111111111111111111111111111111112-28YzheH23A58kUGPpEvwyE4kh5iU4FQAHnsUxYY4SNtQ,WSOL-Idiot,WSOL,So11111111111111111111111111111111111111112,Idiot,28YzheH23A58kUGPpEvwyE4kh5iU4FQAHnsUxYY4SNtQ,23565.57,1481.16,16584.12,118222.04,2,0,2,1,2,400,20000
445,So11111111111111111111111111111111111111112-788ucb6esrNwVxHzcpKjSakXvJWe2Ygw3QtHVwrUpump,WSOL-Canada,WSOL,So11111111111111111111111111111111111111112,Canada,788ucb6esrNwVxHzcpKjSakXvJWe2Ygw3QtHVwrUpump,24665.98,1457.57,121744.28,227154.44,2,3,5,1,2,400,20000
446,oraiJP7H3LAt57DkFXNLDbLdBFNRRPvS8jg2j5AZkd9-So11111111111111111111111111111111111111112,GNRT-WSOL,GNRT,oraiJP7H3LAt57DkFXNLDbLdBFNRRPvS8jg2j5AZkd9,WSOL,So11111111111111111111111111111111111111112,53078.61,1442.74,14858.81,47755.16,2,6,8,1,2,400,20000
447,DFL1zNkaGPWm1BqAVqRjCZvHmwTFrEaJtbzJWgseoNJh-EPjFWdd5AufqSSqeM2qN1xzybapC8G4wEGGkZwyTDt1v,DFL-USDC,DFL,DFL1zNkaGPWm1BqAVqRjCZvHmwTFrEaJtbzJWgseoNJh,USDC,EPjFWdd5AufqSSqeM2qN1xzybapC8G4wEGGkZwyTDt1v,56276.43,1419.78,10130.64,30095.24,2,4,6,1,2,400,20000
448,So11111111111111111111111111111111111111112-APoM2sXUzdRHTkUjXSsdUheX1wPPdP4HFLotmtRNMU8P,WSOL-rot,WSOL,So11111111111111111111111111111111111111112,rot,APoM2sXUzdRHTkUjXSsdUheX1wPPdP4HFLotmtRNMU8P,79226.36,1392.77,30195.51,92998.14,1,9,10,1,2,400,20000
449,So11111111111111111111111111111111111111112-DwDtUqBZJtbRpdjsFw3N7YKB5epocSru25BGcVhfcYtg,WSOL-WORM,WSOL,So11111111111111111111111111111111111111112,WORM,DwDtUqBZJtbRpdjsFw3N7YKB5epocSru25BGcVhfcYtg,119440.25,1365.05,60129.58,118252.51,2,20,22,1,2,400,20000
450,So11111111111111111111111111111111111111112-GjWBV4Z3HVEQKQB9BCwou1KiUzKs6j2fSohUtGGAiPD7,WSOL-,WSOL,So11111111111111111111111111111111111111112,,GjWBV4Z3HVEQKQB9BCwou1KiUzKs6j2fSohUtGGAiPD7,59706.6,1267.41,26679.91,97796.19,2,0,2,1,2,400,20000
451,So11111111111111111111111111111111111111112-ELdqGtj2MhejZzudGfz7b798si2Av5Asuw9ryEQSpump,WSOL-SCARF,WSOL,So11111111111111111111111111111111111111112,SCARF,ELdqGtj2MhejZzudGfz7b798si2Av5Asuw9ryEQSpump,33461.82,1263.0,20703.59,70995.04,1,11,12,1,2,400,20000
452,Bhu2wBWxfWkRJ6pFn5NodnEvMCqj9DLfCU5qMvt7pump-EPjFWdd5AufqSSqeM2qN1xzybapC8G4wEGGkZwyTDt1v,CHATOSHI-USDC,CHATOSHI,Bhu2wBWxfWkRJ6pFn5NodnEvMCqj9DLfCU5qMvt7pump,USDC,EPjFWdd5AufqSSqeM2qN1xzybapC8G4wEGGkZwyTDt1v,286332.78,1228.19,17100.55,165669.01,3,0,3,1,2,400,20000
453,So11111111111111111111111111111111111111112-5gVSqhk41VA8U6U4Pvux6MSxFWqgptm3w58X9UTGpump,WSOL-ClubMoon,WSOL,So11111111111111111111111111111111111111112,ClubMoon,5gVSqhk41VA8U6U4Pvux6MSxFWqgptm3w58X9UTGpump,46431.09,1188.31,7610.02,42264.83,3,0,3,1,2,400,20000
454,So11111111111111111111111111111111111111112-AT7RRrFhBU1Dw1WghdgAqeNKNXKomDFXm77owQgppump,WSOL-CHONK,WSOL,So11111111111111111111111111111111111111112,CHONK,AT7RRrFhBU1Dw1WghdgAqeNKNXKomDFXm77owQgppump,115456.86,1130.18,7909.2,32515.75,2,1,3,1,2,400,20000
455,So11111111111111111111111111111111111111112-95WzV2CsTRFBjPCBhQRR4TGVp5kXo8f8qZVt7iVwpump,WSOL-DRONES,WSOL,So11111111111111111111111111111111111111112,DRONES,95WzV2CsTRFBjPCBhQRR4TGVp5kXo8f8qZVt7iVwpump,44080.69,1105.53,9312.37,17328.55,1,8,9,1,2,400,20000
456,So11111111111111111111111111111111111111112-aSCcjVmMJttZQNYtzhFXmqmUiTm8xkJBggn4sj8pump,WSOL-ForexLens,WSOL,So11111111111111111111111111111111111111112,ForexLens,aSCcjVmMJttZQNYtzhFXmqmUiTm8xkJBggn4sj8pump,31165.82,1103.3,4404.47,32978.93,1,7,8,1,2,400,20000
457,So11111111111111111111111111111111111111112-Bx74hpFiaiBbSonrjyqxjGfAA7gRxM2CeKiy31uN6biR,WSOL-gomu,WSOL,So11111111111111111111111111111111111111112,gomu,Bx74hpFiaiBbSonrjyqxjGfAA7gRxM2CeKiy31uN6biR,110009.22,1097.03,54571.46,145859.79,1,8,9,1,2,400,20000
458,8CuPzHKuZQUyYbear8fi3u6iuTY652WVZT2cHZ2yeNbE-So11111111111111111111111111111111111111112,EARN-WSOL,EARN,8CuPzHKuZQUyYbear8fi3u6iuTY652WVZT2cHZ2yeNbE,WSOL,So11111111111111111111111111111111111111112,159425.26,1094.82,18011.57,46516.2,3,0,3,1,2,400,20000
459,So11111111111111111111111111111111111111112-RufNMBEbKJr6CM1t3nwakZ3BaE9csF2AR15s32VWcRE,WSOL-MIRA,WSOL,So11111111111111111111111111111111111111112,MIRA,RufNMBEbKJr6CM1t3nwakZ3BaE9csF2AR15s32VWcRE,142929.77,1090.75,13952.36,32350.46,2,19,21,1,2,400,20000
460,So11111111111111111111111111111111111111112-HaL8cPcEZgwLaCbwyf6aAPh7rhw7iHck22zFXSNjpump,WSOL-Claude,WSOL,So11111111111111111111111111111111111111112,Claude,HaL8cPcEZgwLaCbwyf6aAPh7rhw7iHck22zFXSNjpump,59720.76,1086.72,15063.5,490872.04,2,0,2,1,2,400,20000
461,So11111111111111111111111111111111111111112-GnMkhejvQmjMfAwnrYfu1LN3AfheiSo6pD2WaBeRL648,WSOL-RIGHT,WSOL,So11111111111111111111111111111111111111112,RIGHT,GnMkhejvQmjMfAwnrYfu1LN3AfheiSo6pD2WaBeRL648,24031.26,1084.52,5916.19,98756.76,1,3,4,1,2,400,20000
462,SAVEaeeqeXNKYb4Lyx28DkUms5gyZ76vGa6fCfdzWfK-EPjFWdd5AufqSSqeM2qN1xzybapC8G4wEGGkZwyTDt1v,SAVE-USDC,SAVE,SAVEaeeqeXNKYb4Lyx28DkUms5gyZ76vGa6fCfdzWfK,USDC,EPjFWdd5AufqSSqeM2qN1xzybapC8G4wEGGkZwyTDt1v,87547.6,1078.14,142875.0,444332.16,2,4,6,1,2,400,20000
463,So11111111111111111111111111111111111111112-GLPdQwGtjcynj3RLraenPeR9v1REnpdyuciPBpVipump,WSOL-SCOUT,WSOL,So11111111111111111111111111111111111111112,SCOUT,GLPdQwGtjcynj3RLraenPeR9v1REnpdyuciPBpVipump,111856.31,1001.29,42389.52,68721.75,1,16,17,1,2,400,20000
464,So11111111111111111111111111111111111111112-9pnDLVWmWyccy6HhZKcCiwrQEBX1UHQ5ikKPo5xrpump,WSOL-THURSTON,WSOL,So11111111111111111111111111111111111111112,THURSTON,9pnDLVWmWyccy6HhZKcCiwrQEBX1UHQ5ikKPo5xrpump,39465.23,999.54,10978.39,69403.77,2,0,2,1,2,400,20000
465,So11111111111111111111111111111111111111112-AzC1u8NPdpS6DVBs8Mv3P6egZ2AhN9KaGaY64xVMpump,WSOL-DEEBO,WSOL,So11111111111111111111111111111111111111112,DEEBO,AzC1u8NPdpS6DVBs8Mv3P6egZ2AhN9KaGaY64xVMpump,46159.34,988.23,23714.98,78875.36,1,12,13,1,2,400,20000
466,So11111111111111111111111111111111111111112-CPcf58MNikQw2G23kTVWQevRDeFDpdxMH7KkR7Lhpump,WSOL-DOBBY,WSOL,So11111111111111111111111111111111111111112,DOBBY,CPcf58MNikQw2G23kTVWQevRDeFDpdxMH7KkR7Lhpump,49059.2,977.25,15657.93,101735.29,3,0,3,1,2,400,20000
467,So11111111111111111111111111111111111111112-5qsZAnWuR7vMJbiznrJEY2ddVqZXjNYmFvR3eXSxpump,WSOL-Focai,WSOL,So11111111111111111111111111111111111111112,Focai,5qsZAnWuR7vMJbiznrJEY2ddVqZXjNYmFvR3eXSxpump,49427.09,968.3,18598.97,180143.67,2,9,11,1,2,400,20000
468,So11111111111111111111111111111111111111112-69veVD4oo3QbJzXrAH7Rans8sue68AsgYyirWUrxSQUy,WSOL-HENTAI6900,WSOL,So11111111111111111111111111111111111111112,HENTAI6900,69veVD4oo3QbJzXrAH7Rans8sue68AsgYyirWUrxSQUy,28351.02,965.27,23310.35,91870.25,2,0,2,1,2,400,20000
469,So11111111111111111111111111111111111111112-2BuXJDuA8dnqUpytSpnyxNy9ymuchZFbWxFcsRgFpump,WSOL-Jail Milei,WSOL,So11111111111111111111111111111111111111112,Jail Milei,2BuXJDuA8dnqUpytSpnyxNy9ymuchZFbWxFcsRgFpump,27772.82,941.18,1428.69,4888.4,2,8,10,1,2,400,20000
470,So11111111111111111111111111111111111111112-89nnWMkWeF9LSJvAWcN2JFQfeWdDk6diKEckeToEU1hE,WSOL-sora,WSOL,So11111111111111111111111111111111111111112,sora,89nnWMkWeF9LSJvAWcN2JFQfeWdDk6diKEckeToEU1hE,80104.57,928.13,13798.3,108070.79,2,13,15,1,2,400,20000
471,So11111111111111111111111111111111111111112-92kxUXDsBQLy5ptGxtmH9CDYd5E6ZQynzf2eFPiUpump,WSOL-blob,WSOL,So11111111111111111111111111111111111111112,blob,92kxUXDsBQLy5ptGxtmH9CDYd5E6ZQynzf2eFPiUpump,39655.47,924.13,2572.61,7551.58,1,12,13,1,2,400,20000
472,E6Eg7Esj5tfSwkbDGdrzhrotqptv7ghJNarLZ9rbHDSG-So11111111111111111111111111111111111111112,SHARE-WSOL,SHARE,E6Eg7Esj5tfSwkbDGdrzhrotqptv7ghJNarLZ9rbHDSG,WSOL,So11111111111111111111111111111111111111112,33634.4,842.67,9155.99,27655.97,2,0,2,1,2,400,20000
473,So11111111111111111111111111111111111111112-FViZQJymuQ9FaxmpudCQS7ffJUt4udHzwJKPBiy7pump,WSOL-PanterAI,WSOL,So11111111111111111111111111111111111111112,PanterAI,FViZQJymuQ9FaxmpudCQS7ffJUt4udHzwJKPBiy7pump,21068.74,838.27,8999.12,21177.87,1,1,2,1,2,400,20000
474,So11111111111111111111111111111111111111112-3DyT1fDosT42GT7srFmv5m2VuzU9AB68QknwWY6Kpump,WSOL-unl,WSOL,So11111111111111111111111111111111111111112,unl,3DyT1fDosT42GT7srFmv5m2VuzU9AB68QknwWY6Kpump,23990.81,710.87,6640.42,14287.93,2,0,2,1,2,400,20000
475,So11111111111111111111111111111111111111112-7yn2PRbB96TgcCkkMK4zD6vvMth6Co5B5Nma6XvPpump,WSOL-Thales,WSOL,So11111111111111111111111111111111111111112,Thales,7yn2PRbB96TgcCkkMK4zD6vvMth6Co5B5Nma6XvPpump,82073.51,654.04,7918.99,98511.37,2,7,9,1,2,400,20000
476,So11111111111111111111111111111111111111112-FuQASH8ps9NPeDu4h3rVtMBygKYoSiSTZ4uSiA5tpump,WSOL-Banana,WSOL,So11111111111111111111111111111111111111112,Banana,FuQASH8ps9NPeDu4h3rVtMBygKYoSiSTZ4uSiA5tpump,78607.48,646.17,6371.03,20008.73,2,0,2,1,2,400,20000
477,So11111111111111111111111111111111111111112-BieefG47jAHCGZBxi2q87RDuHyGZyYC3vAzxpyu8pump,WSOL-EZSIS,WSOL,So11111111111111111111111111111111111111112,EZSIS,BieefG47jAHCGZBxi2q87RDuHyGZyYC3vAzxpyu8pump,26004.48,614.75,3871.27,18183.69,1,3,4,1,2,400,20000
478,AD27ov5fVU2XzwsbvnFvb1JpCBaCB5dRXrczV9CqSVGb-EPjFWdd5AufqSSqeM2qN1xzybapC8G4wEGGkZwyTDt1v,REAL-USDC,REAL,AD27ov5fVU2XzwsbvnFvb1JpCBaCB5dRXrczV9CqSVGb,USDC,EPjFWdd5AufqSSqeM2qN1xzybapC8G4wEGGkZwyTDt1v,71666.67,611.52,8885.8,131964.99,2,0,2,1,2,400,20000
479,orairHM3Yw2PbTfCty1PXy7tEUx3uBMfjouNbm4KnRJ-So11111111111111111111111111111111111111112,JPOW-WSOL,JPOW,orairHM3Yw2PbTfCty1PXy7tEUx3uBMfjouNbm4KnRJ,WSOL,So11111111111111111111111111111111111111112,42755.22,604.91,32350.85,133427.4,2,0,2,1,2,400,20000
480,So11111111111111111111111111111111111111112-BXNGghGbqrt2PcM3Y2Une5fD4kbU6VVSPC4uPjf8pump,WSOL-FYBN,WSOL,So11111111111111111111111111111111111111112,FYBN,BXNGghGbqrt2PcM3Y2Une5fD4kbU6VVSPC4uPjf8pump,219054.9,601.15,53633.92,423512.96,3,0,3,1,2,400,20000
481,So11111111111111111111111111111111111111112-FFXsbx4rPwM8CyKKZiPU3YS9xFFirww6QEzb6KCCpump,WSOL-MILTON,WSOL,So11111111111111111111111111111111111111112,MILTON,FFXsbx4rPwM8CyKKZiPU3YS9xFFirww6QEzb6KCCpump,51615.53,586.73,14360.88,61435.11,1,3,4,1,2,400,20000
482,So11111111111111111111111111111111111111112-tqrRt3AsuGa3aYYSvABMDrPJEWVzpAnh3p6LxXGpump,WSOL-ponzi,WSOL,So11111111111111111111111111111111111111112,ponzi,tqrRt3AsuGa3aYYSvABMDrPJEWVzpAnh3p6LxXGpump,49077.24,569.27,17551.85,216832.46,1,6,7,1,2,400,20000
483,So11111111111111111111111111111111111111112-3up9oA3hqCYRoxXhnAeUBfLv3oNrTCyAqL44t82qpump,WSOL-CRISPR,WSOL,So11111111111111111111111111111111111111112,CRISPR,3up9oA3hqCYRoxXhnAeUBfLv3oNrTCyAqL44t82qpump,65541.73,525.7,607.68,1624.04,2,0,2,1,2,400,20000
484,So11111111111111111111111111111111111111112-A6WCD9dzgpCpCofGG7boCN3jJitmBSoXS7tgZa4rGooD,WSOL-GOOD,WSOL,So11111111111111111111111111111111111111112,GOOD,A6WCD9dzgpCpCofGG7boCN3jJitmBSoXS7tgZa4rGooD,209053.32,511.58,6653.41,72251.46,2,0,2,1,2,400,20000
485,So11111111111111111111111111111111111111112-HKKagAnZBoJPWS4z5AZ5bErB7Uj6u2mkLo4ysD7mpump,WSOL-ANCHOVY,WSOL,So11111111111111111111111111111111111111112,ANCHOVY,HKKagAnZBoJPWS4z5AZ5bErB7Uj6u2mkLo4ysD7mpump,23954.91,496.39,9155.66,38507.33,2,0,2,1,2,400,20000
486,So11111111111111111111111111111111111111112-BKQwzUrcibzZsm1Sm9TVgzxA9G7bAYszCaGJcALMpump,WSOL-Seals,WSOL,So11111111111111111111111111111111111111112,Seals,BKQwzUrcibzZsm1Sm9TVgzxA9G7bAYszCaGJcALMpump,22787.6,485.02,1187.46,6286.12,2,0,2,1,2,400,20000
487,EUxS8Kqvbe8zDr8bG1RYtgjVNzEhMTG6B6H3WwrCHfwA-So11111111111111111111111111111111111111112,BIRDFLU-WSOL,BIRDFLU,EUxS8Kqvbe8zDr8bG1RYtgjVNzEhMTG6B6H3WwrCHfwA,WSOL,So11111111111111111111111111111111111111112,33575.6,469.81,12534.47,56159.55,2,0,2,1,2,400,20000
488,So11111111111111111111111111111111111111112-8xzoj8mVmXtBQm6d2euJGFPvQ2QsTV5R8cdexi2qpump,WSOL-MOE,WSOL,So11111111111111111111111111111111111111112,MOE,8xzoj8mVmXtBQm6d2euJGFPvQ2QsTV5R8cdexi2qpump,97117.9,439.59,16926.49,160882.85,1,7,8,1,2,400,20000
489,So11111111111111111111111111111111111111112-GVxCVNbMrnRFztSXMDFAheoN7JJdSTr1dTawrmwXPh2n,WSOL-MSTASH,WSOL,So11111111111111111111111111111111111111112,MSTASH,GVxCVNbMrnRFztSXMDFAheoN7JJdSTr1dTawrmwXPh2n,27705.67,406.63,7206.9,36229.28,2,0,2,1,2,400,20000
490,So11111111111111111111111111111111111111112-DECqp3qgUAarXoP2FssBnFXPsqtLhc5Y9UuvjxWMpump,WSOL-QFE,WSOL,So11111111111111111111111111111111111111112,QFE,DECqp3qgUAarXoP2FssBnFXPsqtLhc5Y9UuvjxWMpump,34558.72,402.12,4068.36,31295.5,1,8,9,1,2,400,20000
