No.,pair_name,display_pair_name,token_1_name,token_1_address,token_2_name,token_2_address,total_tvl,total_day_volume,total_week_volume,total_month_volume,raydium_pool_count,meteora_pool_count,sum_of_raydium_and_meteora_pool_count,required_raydium_pool_count,required_sum_of_raydium_and_meteora_pool_count,required_total_day_trade_volume,required_minimum_total_tvl
1,So11111111111111111111111111111111111111112-Hg8bKz4mvs8KNj9zew1cEF9tDw1x2GViB4RFZjVEmfrD,WSOL-,WSOL,So11111111111111111111111111111111111111112,,Hg8bKz4mvs8KNj9zew1cEF9tDw1x2GViB4RFZjVEmfrD,23965034.48,5121985.07,56697403.95,229142778.02,6,0,6,1,2,400,20000
2,9wK8yN6iz1ie5kEJkvZCTxyN1x5sTdNfx8yeMY8Ebonk-So11111111111111111111111111111111111111112,Hosico-WSOL,Hosico,9wK8yN6iz1ie5kEJkvZCTxyN1x5sTdNfx8yeMY8Ebonk,WSOL,So11111111111111111111111111111111111111112,997595.71,4943296.46,76552126.15,115761252.07,3,13,16,1,2,400,20000
3,boopkpWqe68MSxLqBGogs8ZbUDN4GXaLhFwNP7mpP1i-EPjFWdd5AufqSSqeM2qN1xzybapC8G4wEGGkZwyTDt1v,BOOP-USDC,BOOP,boopkpWqe68MSxLqBGogs8ZbUDN4GXaLhFwNP7mpP1i,USDC,EPjFWdd5AufqSSqeM2qN1xzybapC8G4wEGGkZwyTDt1v,1937500.71,4872480.86,69411503.73,69411503.73,2,8,10,1,2,400,20000
4,JmMRbLcKgNCu17yHZDAn4strE5NjmWJ4pCeJ7s7boop-So11111111111111111111111111111111111111112,Boopa-WSOL,Boopa,JmMRbLcKgNCu17yHZDAn4strE5NjmWJ4pCeJ7s7boop,WSOL,So11111111111111111111111111111111111111112,298770.0,4534489.64,27137927.73,27137927.73,3,8,11,1,2,400,20000
5,So11111111111111111111111111111111111111112-FtUEW73K6vEYHfbkfpdBZfWpxgQar2HipGdbutEhpump,WSOL-titcoin,WSOL,So11111111111111111111111111111111111111112,titcoin,FtUEW73K6vEYHfbkfpdBZfWpxgQar2HipGdbutEhpump,1580631.18,3954615.14,28001561.29,140965333.68,2,17,19,1,2,400,20000
6,So11111111111111111111111111111111111111112-9McvH6w97oewLmPxqQEoHUAv3u5iYMyQ9AeZZhguYf1T,WSOL-Anon,WSOL,So11111111111111111111111111111111111111112,Anon,9McvH6w97oewLmPxqQEoHUAv3u5iYMyQ9AeZZhguYf1T,1171449.32,2549530.44,15657110.32,33817917.09,3,23,26,1,2,400,20000
7,So11111111111111111111111111111111111111112-9Wkcek2EZFmJf5L2XmC5rfnNVBrdndbMe6yW8fbfbonk,WSOL-CHACHA,WSOL,So11111111111111111111111111111111111111112,CHACHA,9Wkcek2EZFmJf5L2XmC5rfnNVBrdndbMe6yW8fbfbonk,192865.03,2519063.55,16541389.27,16541389.27,1,7,8,1,2,400,20000
8,So11111111111111111111111111111111111111112-CBdCxKo9QavR9hfShgpEBG3zekorAeD7W1jfq2o3pump,WSOL-LUCE,WSOL,So11111111111111111111111111111111111111112,LUCE,CBdCxKo9QavR9hfShgpEBG3zekorAeD7W1jfq2o3pump,1566704.45,2171821.47,9126512.15,101644017.35,3,26,29,1,2,400,20000
9,So11111111111111111111111111111111111111112-Ey59PH7Z4BFU4HjyKnyMdWt5GGN76KazTAwQihoUXRnk,WSOL-PASTERNAK,WSOL,So11111111111111111111111111111111111111112,PASTERNAK,Ey59PH7Z4BFU4HjyKnyMdWt5GGN76KazTAwQihoUXRnk,256040.41,2073309.0,30559120.25,33166465.79,4,5,9,1,2,400,20000
10,So11111111111111111111111111111111111111112-8x5VqbHA8D7NkD52uNuS5nnt3PwA8pLD34ymskeSo2Wn,WSOL-ZEREBRO,WSOL,So11111111111111111111111111111111111111112,ZEREBRO,8x5VqbHA8D7NkD52uNuS5nnt3PwA8pLD34ymskeSo2Wn,3161153.44,1961663.27,27167352.59,106980350.79,3,26,29,1,2,400,20000
11,So11111111111111111111111111111111111111112-2z1p8xCEjRzpBHjXWrx4tJnz7BFL6z7NnvbCxH7bpump,WSOL-San,WSOL,So11111111111111111111111111111111111111112,San,2z1p8xCEjRzpBHjXWrx4tJnz7BFL6z7NnvbCxH7bpump,678922.09,1887765.22,5774368.16,8387131.84,1,11,12,1,2,400,20000
12,So11111111111111111111111111111111111111112-BQX1cjcRHXmrqNtoFWwmE5bZj7RPneTmqXB979b2pump,WSOL-Italianrot,WSOL,So11111111111111111111111111111111111111112,Italianrot,BQX1cjcRHXmrqNtoFWwmE5bZj7RPneTmqXB979b2pump,513398.39,1849525.73,17015032.41,61974530.33,2,6,8,1,2,400,20000
13,CDBdbNqmrLu1PcgjrFG52yxg71QnFhBZcUE6PSFdbonk-So11111111111111111111111111111111111111112,LetsBONK-WSOL,LetsBONK,CDBdbNqmrLu1PcgjrFG52yxg71QnFhBZcUE6PSFdbonk,WSOL,So11111111111111111111111111111111111111112,321190.79,1731364.34,42722263.11,130906592.15,3,11,14,1,2,400,20000
14,So11111111111111111111111111111111111111112-38PgzpJYu2HkiYvV8qePFakB8tuobPdGm2FFEn7Dpump,WSOL-gork,WSOL,So11111111111111111111111111111111111111112,gork,38PgzpJYu2HkiYvV8qePFakB8tuobPdGm2FFEn7Dpump,178260.21,1669519.64,4351745.25,4351745.25,3,22,25,1,2,400,20000
15,Hax9LTgsQkze1YFychnBLtFH8gYbQKtKfWKKg2SP6gdD-So11111111111111111111111111111111111111112,TAI-WSOL,TAI,Hax9LTgsQkze1YFychnBLtFH8gYbQKtKfWKKg2SP6gdD,WSOL,So11111111111111111111111111111111111111112,1345104.95,1597318.28,21877842.11,53327497.89,2,15,17,1,2,400,20000
16,ukHH6c7mMyiWCf1b9pnWe25TSpkDDt3H5pQZgZ74J82-So11111111111111111111111111111111111111112,BOME-WSOL,BOME,ukHH6c7mMyiWCf1b9pnWe25TSpkDDt3H5pQZgZ74J82,WSOL,So11111111111111111111111111111111111111112,21180691.16,1352032.56,11723525.89,44674841.48,3,7,10,1,2,400,20000
17,So11111111111111111111111111111111111111112-FeR8VBqNRSUD5NtXAj2n3j1dAHkZHfyDktKuLXD4pump,WSOL-jellyjelly,WSOL,So11111111111111111111111111111111111111112,jellyjelly,FeR8VBqNRSUD5NtXAj2n3j1dAHkZHfyDktKuLXD4pump,3011530.49,1338889.16,18438232.36,67547778.97,3,43,46,1,2,400,20000
18,So11111111111111111111111111111111111111112-CniPCE4b3s8gSUPhUiyMjXnytrEqUrMfSsnbBjLCpump,WSOL-pwease,WSOL,So11111111111111111111111111111111111111112,pwease,CniPCE4b3s8gSUPhUiyMjXnytrEqUrMfSsnbBjLCpump,793625.84,1302099.7,13365696.2,62230258.04,2,22,24,1,2,400,20000
19,JosjEXh69RckgSs2AWsN1xN8zmiSHxBuJjHLURJnHhg-So11111111111111111111111111111111111111112,JOS-WSOL,JOS,JosjEXh69RckgSs2AWsN1xN8zmiSHxBuJjHLURJnHhg,WSOL,So11111111111111111111111111111111111111112,468158.29,1291146.8,9464391.71,34979338.77,3,12,15,1,2,400,20000
20,So11111111111111111111111111111111111111112-Dfh5DzRgSvvCFDoYc2ciTkMrbDfRKybA4SoFbPmApump,WSOL-pippin,WSOL,So11111111111111111111111111111111111111112,pippin,Dfh5DzRgSvvCFDoYc2ciTkMrbDfRKybA4SoFbPmApump,1914490.0,1033362.26,9880736.81,29001803.48,2,22,24,1,2,400,20000
21,So11111111111111111111111111111111111111112-rndrizKT3MK1iimdxRdWabcF7Zg7AR5T4nud4EkHBof,WSOL-RENDER,WSOL,So11111111111111111111111111111111111111112,RENDER,rndrizKT3MK1iimdxRdWabcF7Zg7AR5T4nud4EkHBof,1570219.79,983722.72,8176866.45,34646689.11,3,9,12,1,2,400,20000
22,So11111111111111111111111111111111111111112-C3DwDjT17gDvvCYC2nsdGHxDHVmQRdhKfpAdqQ29pump,WSOL-RFC,WSOL,So11111111111111111111111111111111111111112,RFC,C3DwDjT17gDvvCYC2nsdGHxDHVmQRdhKfpAdqQ29pump,161719.22,935381.38,3518842.48,14354105.65,3,22,25,1,2,400,20000
23,So11111111111111111111111111111111111111112-5mbK36SZ7J19An8jFochhQS4of8g6BwUjbeCSxBSoWdp,WSOL-$michi,WSOL,So11111111111111111111111111111111111111112,$michi,5mbK36SZ7J19An8jFochhQS4of8g6BwUjbeCSxBSoWdp,2591643.63,906768.38,9091081.2,29842204.32,3,18,21,1,2,400,20000
24,6N7CrWe6qNt27G4sHXcjQMMy6btKRb7i9n4RYkKboop-So11111111111111111111111111111111111111112,BETTY-WSOL,BETTY,6N7CrWe6qNt27G4sHXcjQMMy6btKRb7i9n4RYkKboop,WSOL,So11111111111111111111111111111111111111112,110378.62,818636.98,40318476.39,40318476.39,2,10,12,1,2,400,20000
25,EPjFWdd5AufqSSqeM2qN1xzybapC8G4wEGGkZwyTDt1v-HzwqbKZw8HxMN6bF2yFZNrht3c2iXXzpKcFu7uBEDKtr,USDC-EURC,USDC,EPjFWdd5AufqSSqeM2qN1xzybapC8G4wEGGkZwyTDt1v,EURC,HzwqbKZw8HxMN6bF2yFZNrht3c2iXXzpKcFu7uBEDKtr,1677193.27,739155.86,86793212.13,356545903.72,1,7,8,1,2,400,20000
26,So11111111111111111111111111111111111111112-FasH397CeZLNYWkd3wWK9vrmjd1z93n3b59DssRXpump,WSOL-BUTTCOIN,WSOL,So11111111111111111111111111111111111111112,BUTTCOIN,FasH397CeZLNYWkd3wWK9vrmjd1z93n3b59DssRXpump,928992.77,643594.16,7826933.29,80362271.98,2,13,15,1,2,400,20000
27,So11111111111111111111111111111111111111112-eL5fUxj2J4CiQsmW85k5FG9DvuQjjUoBHoQBi2Kpump,WSOL-UFD,WSOL,So11111111111111111111111111111111111111112,UFD,eL5fUxj2J4CiQsmW85k5FG9DvuQjjUoBHoQBi2Kpump,2205995.94,631381.93,7844174.93,32752278.95,2,31,33,1,2,400,20000
28,So11111111111111111111111111111111111111112-Aq8Gocyvyyi8xk5EYxd6viUfVmVvs9T9R6mZFzZFpump,WSOL-HYPER,WSOL,So11111111111111111111111111111111111111112,HYPER,Aq8Gocyvyyi8xk5EYxd6viUfVmVvs9T9R6mZFzZFpump,383048.45,630135.93,989095.56,1638221.5,1,4,5,1,2,400,20000
29,So11111111111111111111111111111111111111112-GkeUTuaFB4oZADaqiCo3yauHNx9SxUNn8euHptEEbonk,WSOL-Grassito,WSOL,So11111111111111111111111111111111111111112,Grassito,GkeUTuaFB4oZADaqiCo3yauHNx9SxUNn8euHptEEbonk,118375.21,618424.84,59167589.03,59167589.03,2,10,12,1,2,400,20000
30,So11111111111111111111111111111111111111112-Hjw6bEcHtbHGpQr8onG3izfJY5DJiWdt7uk2BfdSpump,WSOL-SNAI,WSOL,So11111111111111111111111111111111111111112,SNAI,Hjw6bEcHtbHGpQr8onG3izfJY5DJiWdt7uk2BfdSpump,1542925.27,607669.66,5175491.93,25089463.68,2,22,24,1,2,400,20000
31,So11111111111111111111111111111111111111112-HzwqbKZw8HxMN6bF2yFZNrht3c2iXXzpKcFu7uBEDKtr,WSOL-EURC,WSOL,So11111111111111111111111111111111111111112,EURC,HzwqbKZw8HxMN6bF2yFZNrht3c2iXXzpKcFu7uBEDKtr,385430.26,593099.59,25003789.08,207346914.1,2,4,6,1,2,400,20000
32,So11111111111111111111111111111111111111112-9DHe3pycTuymFk4H4bbPoAJ4hQrr2kaLDF6J6aAKpump,WSOL-BUZZ,WSOL,So11111111111111111111111111111111111111112,BUZZ,9DHe3pycTuymFk4H4bbPoAJ4hQrr2kaLDF6J6aAKpump,1222146.5,554541.08,4951830.72,39606772.53,2,28,30,1,2,400,20000
33,BUhS5coXEt9hcxN3JSpGYUWSKbNo96RsKu52LcMo12rf-So11111111111111111111111111111111111111112,meow-WSOL,meow,BUhS5coXEt9hcxN3JSpGYUWSKbNo96RsKu52LcMo12rf,WSOL,So11111111111111111111111111111111111111112,1455704.7,529065.22,1569806.22,6704297.59,2,0,2,1,2,400,20000
34,8WzDFPNjUSV7ZPpNiqKY8NcWH9J4tDSgSeifp6Kboop-So11111111111111111111111111111111111111112,Toshi-WSOL,Toshi,8WzDFPNjUSV7ZPpNiqKY8NcWH9J4tDSgSeifp6Kboop,WSOL,So11111111111111111111111111111111111111112,74980.04,516140.37,4355814.89,4355814.89,2,2,4,1,2,400,20000
35,So11111111111111111111111111111111111111112-FVdo7CDJarhYoH6McyTFqx71EtzCPViinvdd1v86Qmy5,WSOL-Aimonica,WSOL,So11111111111111111111111111111111111111112,Aimonica,FVdo7CDJarhYoH6McyTFqx71EtzCPViinvdd1v86Qmy5,463229.05,496593.47,3721321.84,6978279.79,1,6,7,1,2,400,20000
36,7BgBvyjrZX1YKz4oh9mjb8ZScatkkwb8DzFx7LoiVkM3-So11111111111111111111111111111111111111112,SLERF-WSOL,SLERF,7BgBvyjrZX1YKz4oh9mjb8ZScatkkwb8DzFx7LoiVkM3,WSOL,So11111111111111111111111111111111111111112,37877209.37,495242.43,5001202.48,32248363.48,2,0,2,1,2,400,20000
37,So11111111111111111111111111111111111111112-hqYtLoxviwGENvogcJ5324YTbYqW5H9LHtmQu5Jbonk,WSOL-BONKAI,WSOL,So11111111111111111111111111111111111111112,BONKAI,hqYtLoxviwGENvogcJ5324YTbYqW5H9LHtmQu5Jbonk,162465.48,495089.48,7096543.56,7096543.56,1,2,3,1,2,400,20000
38,So11111111111111111111111111111111111111112-5LJMJyR8MtAkbtpf8kFUV7S9oFG3xaGDdcnFxYt9pump,WSOL-FAT,WSOL,So11111111111111111111111111111111111111112,FAT,5LJMJyR8MtAkbtpf8kFUV7S9oFG3xaGDdcnFxYt9pump,539956.91,474934.79,3967013.11,39601032.54,2,11,13,1,2,400,20000
39,So11111111111111111111111111111111111111112-FWAr6oWa6CHg6WUcXu8CqkmsdbhtEqL8t31QTonppump,WSOL-PVS,WSOL,So11111111111111111111111111111111111111112,PVS,FWAr6oWa6CHg6WUcXu8CqkmsdbhtEqL8t31QTonppump,563470.9,474714.16,5296656.07,32201798.04,2,10,12,1,2,400,20000
40,So11111111111111111111111111111111111111112-zBTCug3er3tLyffELcvDNrKkCymbPWysGcWihESYfLg,WSOL-zBTC,WSOL,So11111111111111111111111111111111111111112,zBTC,zBTCug3er3tLyffELcvDNrKkCymbPWysGcWihESYfLg,344095.59,469252.7,8958176.28,50126387.74,1,6,7,1,2,400,20000
41,So11111111111111111111111111111111111111112-HN8GGgzBFvuePPL3DGPg7uuq2dVgLApnNcW4pxY9a11o,WSOL-SQUID,WSOL,So11111111111111111111111111111111111111112,SQUID,HN8GGgzBFvuePPL3DGPg7uuq2dVgLApnNcW4pxY9a11o,149020.54,467844.28,20437101.59,20437101.59,2,5,7,1,2,400,20000
42,So11111111111111111111111111111111111111112-6NcdiK8B5KK2DzKvzvCfqi8EHaEqu48fyEzC8Mm9pump,WSOL-STONKS,WSOL,So11111111111111111111111111111111111111112,STONKS,6NcdiK8B5KK2DzKvzvCfqi8EHaEqu48fyEzC8Mm9pump,2611458.67,464416.24,5425780.11,35643440.24,3,19,22,1,2,400,20000
43,So11111111111111111111111111111111111111112-GekTNfm84QfyP2GdAHZ5AgACBRd69aNmgA5FDhZupump,WSOL-GRIFT,WSOL,So11111111111111111111111111111111111111112,GRIFT,GekTNfm84QfyP2GdAHZ5AgACBRd69aNmgA5FDhZupump,991248.12,403092.89,3695184.85,18420856.84,2,18,20,1,2,400,20000
44,So11111111111111111111111111111111111111112-VaxZxmFXV8tmsd72hUn22ex6GFzZ5uq9DVJ5wA5pump,WSOL-OIIAOIIA,WSOL,So11111111111111111111111111111111111111112,OIIAOIIA,VaxZxmFXV8tmsd72hUn22ex6GFzZ5uq9DVJ5wA5pump,538751.16,390800.95,2685071.45,11280782.98,1,8,9,1,2,400,20000
45,So11111111111111111111111111111111111111112-DitHyRMQiSDhn5cnKMJV2CDDt6sVct96YrECiM49pump,WSOL-House,WSOL,So11111111111111111111111111111111111111112,House,DitHyRMQiSDhn5cnKMJV2CDDt6sVct96YrECiM49pump,235729.12,374705.86,4646258.19,10403054.34,3,12,15,1,2,400,20000
46,So11111111111111111111111111111111111111112-ZEUS1aR7aX8DFFJf5QjWj2ftDDdNTroMNGo8YoQm3Gq,WSOL-ZEUS,WSOL,So11111111111111111111111111111111111111112,ZEUS,ZEUS1aR7aX8DFFJf5QjWj2ftDDdNTroMNGo8YoQm3Gq,543102.57,335807.3,4408119.33,21912664.41,1,23,24,1,2,400,20000
47,So11111111111111111111111111111111111111112-FQgtfugBdpFN7PZ6NdPrZpVLDBrPGxXesi4gVu3vErhY,WSOL-BMT,WSOL,So11111111111111111111111111111111111111112,BMT,FQgtfugBdpFN7PZ6NdPrZpVLDBrPGxXesi4gVu3vErhY,951505.15,328107.03,2612885.31,5263187.52,1,7,8,1,2,400,20000
48,So11111111111111111111111111111111111111112-H4phNbsqjV5rqk8u6FUACTLB6rNZRTAPGnBb8KXJpump,WSOL-SSE,WSOL,So11111111111111111111111111111111111111112,SSE,H4phNbsqjV5rqk8u6FUACTLB6rNZRTAPGnBb8KXJpump,763329.79,321960.56,4003977.45,21749126.93,2,22,24,1,2,400,20000
49,So11111111111111111111111111111111111111112-9UYAYvVS2cZ3BndbsoG1ScJbjfwyEPGxjE79hh5ipump,WSOL-DOGEAI,WSOL,So11111111111111111111111111111111111111112,DOGEAI,9UYAYvVS2cZ3BndbsoG1ScJbjfwyEPGxjE79hh5ipump,1148532.35,319944.17,1744293.56,7564649.64,2,14,16,1,2,400,20000
50,mtnc7NNSpAJuvYNmayXU63WhWZGgFzwQ2yeYWqemeta-EPjFWdd5AufqSSqeM2qN1xzybapC8G4wEGGkZwyTDt1v,MTN-USDC,MTN,mtnc7NNSpAJuvYNmayXU63WhWZGgFzwQ2yeYWqemeta,USDC,EPjFWdd5AufqSSqeM2qN1xzybapC8G4wEGGkZwyTDt1v,1149806.16,319413.31,3367890.5,36833787.71,2,3,5,1,2,400,20000
51,8Ki8DpuWNxu9VsS3kQbarsCWMcFGWkzzA8pUPto9zBd5-So11111111111111111111111111111111111111112,LOCKIN-WSOL,LOCKIN,8Ki8DpuWNxu9VsS3kQbarsCWMcFGWkzzA8pUPto9zBd5,WSOL,So11111111111111111111111111111111111111112,721245.81,317773.01,2024923.81,7290116.31,2,20,22,1,2,400,20000
52,So11111111111111111111111111111111111111112-7D1iYWfhw2cr9yBZBFE6nZaaSUvXHqG5FizFFEZwpump,WSOL-YNE,WSOL,So11111111111111111111111111111111111111112,YNE,7D1iYWfhw2cr9yBZBFE6nZaaSUvXHqG5FizFFEZwpump,550892.18,316455.77,3044480.21,7396565.39,2,18,20,1,2,400,20000
53,6ogzHhzdrQr9Pgv6hZ2MNze7UrzBMAFyBBWUYp1Fhitx-So11111111111111111111111111111111111111112,RETARDIO-WSOL,RETARDIO,6ogzHhzdrQr9Pgv6hZ2MNze7UrzBMAFyBBWUYp1Fhitx,WSOL,So11111111111111111111111111111111111111112,1182740.74,310664.61,3093829.54,10076412.96,2,20,22,1,2,400,20000
54,So11111111111111111111111111111111111111112-ts3foLrNUMvwdVeit1oNeLWjYk7e4qsn8PqSsqRpump,WSOL-ANTIRUG,WSOL,So11111111111111111111111111111111111111112,ANTIRUG,ts3foLrNUMvwdVeit1oNeLWjYk7e4qsn8PqSsqRpump,172948.06,299819.88,498078.62,918474.15,1,10,11,1,2,400,20000
55,14zP2ToQ79XWvc7FQpm4bRnp9d6Mp1rFfsUW3gpLcRX-So11111111111111111111111111111111111111112,AIXBT-WSOL,AIXBT,14zP2ToQ79XWvc7FQpm4bRnp9d6Mp1rFfsUW3gpLcRX,WSOL,So11111111111111111111111111111111111111112,644467.39,297910.1,3326740.18,6782856.27,2,13,15,1,2,400,20000
56,GtDZKAqvMZMnti46ZewMiXCa4oXF4bZxwQPoKzXPFxZn-So11111111111111111111111111111111111111112,nub-WSOL,nub,GtDZKAqvMZMnti46ZewMiXCa4oXF4bZxwQPoKzXPFxZn,WSOL,So11111111111111111111111111111111111111112,1094845.92,296584.08,3673711.59,6198748.46,1,15,16,1,2,400,20000
57,So11111111111111111111111111111111111111112-9gyfbPVwwZx4y1hotNSLcqXCQNpNqqz6ZRvo8yTLpump,WSOL-YZY,WSOL,So11111111111111111111111111111111111111112,YZY,9gyfbPVwwZx4y1hotNSLcqXCQNpNqqz6ZRvo8yTLpump,491255.23,292646.87,2873303.71,20630024.46,2,18,20,1,2,400,20000
58,So11111111111111111111111111111111111111112-5SVG3T9CNQsm2kEwzbRq6hASqh1oGfjqTtLXYUibpump,WSOL-SIGMA,WSOL,So11111111111111111111111111111111111111112,SIGMA,5SVG3T9CNQsm2kEwzbRq6hASqh1oGfjqTtLXYUibpump,1420855.34,277346.62,2886268.92,13729662.8,3,16,19,1,2,400,20000
59,BYZ9CcZGKAXmN2uDsKcQMM9UnZacija4vWcns9Th69xb-So11111111111111111111111111111111111111112,BOTIFY-WSOL,BOTIFY,BYZ9CcZGKAXmN2uDsKcQMM9UnZacija4vWcns9Th69xb,WSOL,So11111111111111111111111111111111111111112,549970.08,268087.88,3421614.71,13720198.68,2,0,2,1,2,400,20000
60,So11111111111111111111111111111111111111112-C7heQqfNzdMbUFQwcHkL9FvdwsFsDRBnfwZDDyWYCLTZ,WSOL-$COLLAT,WSOL,So11111111111111111111111111111111111111112,$COLLAT,C7heQqfNzdMbUFQwcHkL9FvdwsFsDRBnfwZDDyWYCLTZ,807032.54,266295.25,3457568.88,17811477.8,2,18,20,1,2,400,20000
61,So11111111111111111111111111111111111111112-HgBRWfYxEfvPhtqkaeymCQtHCrKE46qQ43pKe8HCpump,WSOL-Bert,WSOL,So11111111111111111111111111111111111111112,Bert,HgBRWfYxEfvPhtqkaeymCQtHCrKE46qQ43pKe8HCpump,956585.25,252856.22,2317080.69,7901890.51,4,8,12,1,2,400,20000
62,ATRLuHph8dxnPny4WSNW7fxkhbeivBrtWbY6BfB4xpLj-EPjFWdd5AufqSSqeM2qN1xzybapC8G4wEGGkZwyTDt1v,ATR-USDC,ATR,ATRLuHph8dxnPny4WSNW7fxkhbeivBrtWbY6BfB4xpLj,USDC,EPjFWdd5AufqSSqeM2qN1xzybapC8G4wEGGkZwyTDt1v,572496.96,252249.64,1828031.12,5343461.17,2,0,2,1,2,400,20000
63,So11111111111111111111111111111111111111112-BZLbGTNCSFfoth2GYDtwr7e4imWzpR5jqcUuGEwr646K,WSOL-IO,WSOL,So11111111111111111111111111111111111111112,IO,BZLbGTNCSFfoth2GYDtwr7e4imWzpR5jqcUuGEwr646K,1871995.97,244930.15,2237552.41,7184200.3,4,22,26,1,2,400,20000
64,So11111111111111111111111111111111111111112-8243mJtEQZSEYh5DBmvHSwrN8tmcYkAuG67CgoT2pump,WSOL-OOBE,WSOL,So11111111111111111111111111111111111111112,OOBE,8243mJtEQZSEYh5DBmvHSwrN8tmcYkAuG67CgoT2pump,161802.35,240114.65,1046477.54,2182138.04,1,3,4,1,2,400,20000
65,So11111111111111111111111111111111111111112-J1Wpmugrooj1yMyQKrdZ2vwRXG5rhfx3vTnYE39gpump,WSOL-WOULD,WSOL,So11111111111111111111111111111111111111112,WOULD,J1Wpmugrooj1yMyQKrdZ2vwRXG5rhfx3vTnYE39gpump,4499513.79,239028.21,1178330.41,7882295.78,3,0,3,1,2,400,20000
66,So11111111111111111111111111111111111111112-7mHCx9iXPJ7EJDbDAUGmej39Kme8cxZfeVi1EAvEpump,WSOL-BIGBALLS,WSOL,So11111111111111111111111111111111111111112,BIGBALLS,7mHCx9iXPJ7EJDbDAUGmej39Kme8cxZfeVi1EAvEpump,196217.79,235591.49,4257054.29,4795633.3,2,16,18,1,2,400,20000
67,So11111111111111111111111111111111111111112-9doRRAik5gvhbEwjbZDbZR6GxXSAfdoomyJR57xKpump,WSOL-GRPH,WSOL,So11111111111111111111111111111111111111112,GRPH,9doRRAik5gvhbEwjbZDbZR6GxXSAfdoomyJR57xKpump,527575.36,234003.06,2766108.67,11783210.92,2,14,16,1,2,400,20000
68,So11111111111111111111111111111111111111112-E1jCTXdkMRoawoWoqfbhiNkkLbxcSHPssMo36U84pump,WSOL-GFM,WSOL,So11111111111111111111111111111111111111112,GFM,E1jCTXdkMRoawoWoqfbhiNkkLbxcSHPssMo36U84pump,430305.46,224373.82,2383040.23,11701496.79,3,14,17,1,2,400,20000
69,MEFNBXixkEbait3xn9bkm8WsJzXtVsaJEn4c8Sam21u-EPjFWdd5AufqSSqeM2qN1xzybapC8G4wEGGkZwyTDt1v,ME-USDC,ME,MEFNBXixkEbait3xn9bkm8WsJzXtVsaJEn4c8Sam21u,USDC,EPjFWdd5AufqSSqeM2qN1xzybapC8G4wEGGkZwyTDt1v,1772732.66,219752.2,2828682.76,11972341.43,4,28,32,1,2,400,20000
70,So11111111111111111111111111111111111111112-98mb39tPFKQJ4Bif8iVg9mYb9wsfPZgpgN1sxoVTpump,WSOL-LLM,WSOL,So11111111111111111111111111111111111111112,LLM,98mb39tPFKQJ4Bif8iVg9mYb9wsfPZgpgN1sxoVTpump,546958.91,218093.6,3290577.79,7536690.05,2,23,25,1,2,400,20000
71,So11111111111111111111111111111111111111112-4FkNq8RcCYg4ZGDWh14scJ7ej3m5vMjYTcWoJVkupump,WSOL-LUMO,WSOL,So11111111111111111111111111111111111111112,LUMO,4FkNq8RcCYg4ZGDWh14scJ7ej3m5vMjYTcWoJVkupump,658892.78,207673.93,4456792.85,37111824.73,3,11,14,1,2,400,20000
72,7XJiwLDrjzxDYdZipnJXzpr1iDTmK55XixSFAa7JgNEL-So11111111111111111111111111111111111111112,MLG-WSOL,MLG,7XJiwLDrjzxDYdZipnJXzpr1iDTmK55XixSFAa7JgNEL,WSOL,So11111111111111111111111111111111111111112,903645.6,207439.62,3113269.14,8707720.5,1,21,22,1,2,400,20000
73,So11111111111111111111111111111111111111112-Cy1GS2FqefgaMbi45UunrUzin1rfEmTUYnomddzBpump,WSOL-MOBY,WSOL,So11111111111111111111111111111111111111112,MOBY,Cy1GS2FqefgaMbi45UunrUzin1rfEmTUYnomddzBpump,633154.84,206306.83,3450301.06,11559231.58,2,35,37,1,2,400,20000
74,So11111111111111111111111111111111111111112-3N2ETvNpPNAxhcaXgkhKoY1yDnQfs41Wnxsx5qNJpump,WSOL-NEUR,WSOL,So11111111111111111111111111111111111111112,NEUR,3N2ETvNpPNAxhcaXgkhKoY1yDnQfs41Wnxsx5qNJpump,466263.67,199201.1,1389057.94,4560865.35,3,12,15,1,2,400,20000
75,So11111111111111111111111111111111111111112-AxriehR6Xw3adzHopnvMn7GcpRFcD41ddpiTWMg6pump,WSOL-jailstool,WSOL,So11111111111111111111111111111111111111112,jailstool,AxriehR6Xw3adzHopnvMn7GcpRFcD41ddpiTWMg6pump,1268507.7,197336.29,1161099.93,9935999.93,3,36,39,1,2,400,20000
76,So11111111111111111111111111111111111111112-9PR7nCP9DpcUotnDPVLUBUZKu5WAYkwrCUx9wDnSpump,WSOL-Ban,WSOL,So11111111111111111111111111111111111111112,Ban,9PR7nCP9DpcUotnDPVLUBUZKu5WAYkwrCUx9wDnSpump,2269347.39,187527.59,2745998.08,17853096.17,3,16,19,1,2,400,20000
77,So11111111111111111111111111111111111111112-AxGAbdFtdbj2oNXa4dKqFvwHzgFtW9mFHWmd7vQfpump,WSOL-HAT,WSOL,So11111111111111111111111111111111111111112,HAT,AxGAbdFtdbj2oNXa4dKqFvwHzgFtW9mFHWmd7vQfpump,501786.17,186661.35,3388030.05,11062709.52,2,10,12,1,2,400,20000
78,So11111111111111111111111111111111111111112-3MadWqcN9cSrULn8ikDnan9mF3znoQmBPXtVy6BfSTDB,WSOL-GrokCoin,WSOL,So11111111111111111111111111111111111111112,GrokCoin,3MadWqcN9cSrULn8ikDnan9mF3znoQmBPXtVy6BfSTDB,164911.2,185750.21,1630816.27,2484232.69,1,17,18,1,2,400,20000
79,So11111111111111111111111111111111111111112-5UUH9RTDiSpq6HKS6bp4NdU9PNJpXRXuiw6ShBTBhgH2,WSOL-TROLL,WSOL,So11111111111111111111111111111111111111112,TROLL,5UUH9RTDiSpq6HKS6bp4NdU9PNJpXRXuiw6ShBTBhgH2,37908.73,182747.53,1365922.0,4187971.32,3,14,17,1,2,400,20000
80,So11111111111111111111111111111111111111112-G5e2XonmccmdKc98g3eNQe5oBYGw9m8xdMUvVtcZpump,WSOL-MAIAR,WSOL,So11111111111111111111111111111111111111112,MAIAR,G5e2XonmccmdKc98g3eNQe5oBYGw9m8xdMUvVtcZpump,251484.05,177015.86,1638013.96,11869618.25,1,11,12,1,2,400,20000
81,So11111111111111111111111111111111111111112-oraim8c9d1nkfuQk9EzGYEUGxqL3MHQYndRw1huVo5h,WSOL-MAX,WSOL,So11111111111111111111111111111111111111112,MAX,oraim8c9d1nkfuQk9EzGYEUGxqL3MHQYndRw1huVo5h,541748.36,175485.84,1327507.55,4255969.35,2,14,16,1,2,400,20000
82,So11111111111111111111111111111111111111112-CfgmB9iTWABdYh3CHQQDUGtWy18rMNAEEqyp4GrJpump,WSOL-ASS,WSOL,So11111111111111111111111111111111111111112,ASS,CfgmB9iTWABdYh3CHQQDUGtWy18rMNAEEqyp4GrJpump,281287.26,172582.87,934529.55,5386962.13,1,6,7,1,2,400,20000
83,So11111111111111111111111111111111111111112-Bz4MhmVRQENiCou7ZpJ575wpjNFjBjVBSiVhuNg1pump,WSOL-Project89,WSOL,So11111111111111111111111111111111111111112,Project89,Bz4MhmVRQENiCou7ZpJ575wpjNFjBjVBSiVhuNg1pump,607463.49,170865.0,1100780.24,4011585.56,2,14,16,1,2,400,20000
84,25hAyBQfoDhfWx9ay6rarbgvWGwDdNqcHsXS3jQ3mTDJ-So11111111111111111111111111111111111111112,MANEKI-WSOL,MANEKI,25hAyBQfoDhfWx9ay6rarbgvWGwDdNqcHsXS3jQ3mTDJ,WSOL,So11111111111111111111111111111111111111112,7330268.01,170002.21,5409798.12,106883816.81,2,14,16,1,2,400,20000
85,Fch1oixTPri8zxBnmdCEADoJW2toyFHxqDZacQkwdvSP-So11111111111111111111111111111111111111112,HARAMBE-WSOL,HARAMBE,Fch1oixTPri8zxBnmdCEADoJW2toyFHxqDZacQkwdvSP,WSOL,So11111111111111111111111111111111111111112,957431.46,167524.81,1034181.75,2630066.97,2,15,17,1,2,400,20000
86,So11111111111111111111111111111111111111112-Ce2gx9KGXJ6C9Mp5b5x1sn9Mg87JwEbrQby4Zqo3pump,WSOL-neet,WSOL,So11111111111111111111111111111111111111112,neet,Ce2gx9KGXJ6C9Mp5b5x1sn9Mg87JwEbrQby4Zqo3pump,43605.45,165173.94,857476.49,857476.49,1,10,11,1,2,400,20000
87,So11111111111111111111111111111111111111112-GPrg1CgbBvAJS2SCuf9gF7NmQYsWudfyfWy5SUzypump,WSOL-EDWIN,WSOL,So11111111111111111111111111111111111111112,EDWIN,GPrg1CgbBvAJS2SCuf9gF7NmQYsWudfyfWy5SUzypump,392412.46,159872.55,1148045.04,9056643.59,2,7,9,1,2,400,20000
88,69kdRLyP5DTRkpHraaSZAQbWmAwzF9guKjZfzMXzcbAs-So11111111111111111111111111111111111111112,USA-WSOL,USA,69kdRLyP5DTRkpHraaSZAQbWmAwzF9guKjZfzMXzcbAs,WSOL,So11111111111111111111111111111111111111112,1532364.48,156590.28,1538215.86,7771507.1,2,23,25,1,2,400,20000
89,So11111111111111111111111111111111111111112-3S8qX1MsMqRbiwKg2cQyx7nis1oHMgaCuc9c4VfvVdPN,WSOL-MOTHER,WSOL,So11111111111111111111111111111111111111112,MOTHER,3S8qX1MsMqRbiwKg2cQyx7nis1oHMgaCuc9c4VfvVdPN,1654297.65,156068.94,4104952.5,8078728.66,2,39,41,1,2,400,20000
90,So11111111111111111111111111111111111111112-dog1viwbb2vWDpER5FrJ4YFG6gq6XuyFohUe9TXN65u,WSOL-DOG,WSOL,So11111111111111111111111111111111111111112,DOG,dog1viwbb2vWDpER5FrJ4YFG6gq6XuyFohUe9TXN65u,65589.28,154612.75,2150575.07,4980502.22,2,8,10,1,2,400,20000
91,So11111111111111111111111111111111111111112-CboMcTUYUcy9E6B3yGdFn6aEsGUnYV6yWeoeukw6pump,WSOL-Butthole,WSOL,So11111111111111111111111111111111111111112,Butthole,CboMcTUYUcy9E6B3yGdFn6aEsGUnYV6yWeoeukw6pump,988081.07,148372.22,2538865.97,18250780.6,2,10,12,1,2,400,20000
92,So11111111111111111111111111111111111111112-8XtRWb4uAAJFMP4QQhoYYCWR6XXb7ybcCdiqPwz9s5WS,WSOL-ALON,WSOL,So11111111111111111111111111111111111111112,ALON,8XtRWb4uAAJFMP4QQhoYYCWR6XXb7ybcCdiqPwz9s5WS,703437.49,147185.62,1275370.07,5637550.92,3,21,24,1,2,400,20000
93,So11111111111111111111111111111111111111112-GHichsGq8aPnqJyz6Jp1ASTK4PNLpB5KrD6XrfDjpump,WSOL-$1,WSOL,So11111111111111111111111111111111111111112,$1,GHichsGq8aPnqJyz6Jp1ASTK4PNLpB5KrD6XrfDjpump,1030073.12,146534.78,1572915.56,8291037.55,3,13,16,1,2,400,20000
94,So11111111111111111111111111111111111111112-Grass7B4RdKfBCjTKgSqnXkqjwiGvQyFbuSCUJr3XXjs,WSOL-GRASS,WSOL,So11111111111111111111111111111111111111112,GRASS,Grass7B4RdKfBCjTKgSqnXkqjwiGvQyFbuSCUJr3XXjs,1393012.36,139563.4,4294601.88,37096778.71,5,34,39,1,2,400,20000
95,So11111111111111111111111111111111111111112-8SpPaFLycx897D6sowPZkEkcNdDahzRZb5itr6D8pump,WSOL-LEA,WSOL,So11111111111111111111111111111111111111112,LEA,8SpPaFLycx897D6sowPZkEkcNdDahzRZb5itr6D8pump,422874.47,139150.17,740126.97,3140514.94,3,0,3,1,2,400,20000
96,So11111111111111111111111111111111111111112-F9TgEJLLRUKDRF16HgjUCdJfJ5BK6ucyiW8uJxVPpump,WSOL-AGiXT,WSOL,So11111111111111111111111111111111111111112,AGiXT,F9TgEJLLRUKDRF16HgjUCdJfJ5BK6ucyiW8uJxVPpump,593934.46,138871.35,2383784.68,13206519.66,2,17,19,1,2,400,20000
97,So11111111111111111111111111111111111111112-GAMwtMB6onAvBNBQJCJFuxoaqfPH8uCQ2dewNMVVpump,WSOL-TANK,WSOL,So11111111111111111111111111111111111111112,TANK,GAMwtMB6onAvBNBQJCJFuxoaqfPH8uCQ2dewNMVVpump,391723.15,137460.34,1532842.23,6657335.7,1,9,10,1,2,400,20000
98,zBTCug3er3tLyffELcvDNrKkCymbPWysGcWihESYfLg-EPjFWdd5AufqSSqeM2qN1xzybapC8G4wEGGkZwyTDt1v,zBTC-USDC,zBTC,zBTCug3er3tLyffELcvDNrKkCymbPWysGcWihESYfLg,USDC,EPjFWdd5AufqSSqeM2qN1xzybapC8G4wEGGkZwyTDt1v,131463.31,135099.12,4254932.19,27862451.38,1,2,3,1,2,400,20000
99,So11111111111111111111111111111111111111112-CRAMvzDsSpXYsFpcoDr6vFLJMBeftez1E7277xwPpump,WSOL-PEPECAT,WSOL,So11111111111111111111111111111111111111112,PEPECAT,CRAMvzDsSpXYsFpcoDr6vFLJMBeftez1E7277xwPpump,409439.29,132764.85,1074186.33,4240986.3,2,0,2,1,2,400,20000
100,6dKCoWjpj5MFU5gWDEFdpUUeBasBLK3wLEwhUzQPAa1e-So11111111111111111111111111111111111111112,CHEX-WSOL,CHEX,6dKCoWjpj5MFU5gWDEFdpUUeBasBLK3wLEwhUzQPAa1e,WSOL,So11111111111111111111111111111111111111112,1283820.67,131688.26,1649883.8,8275124.39,4,7,11,1,2,400,20000
101,KMNo3nJsBXfcpJTVhZcXLW7RmTwTt4GVFE7suUBo9sS-So11111111111111111111111111111111111111112,KMNO-WSOL,KMNO,KMNo3nJsBXfcpJTVhZcXLW7RmTwTt4GVFE7suUBo9sS,WSOL,So11111111111111111111111111111111111111112,248040.29,130835.42,2345000.23,2753818.78,2,18,20,1,2,400,20000
102,So11111111111111111111111111111111111111112-5voS9evDjxF589WuEub5i4ti7FWQmZCsAsyD5ucbuRqM,WSOL-ELIZA,WSOL,So11111111111111111111111111111111111111112,ELIZA,5voS9evDjxF589WuEub5i4ti7FWQmZCsAsyD5ucbuRqM,690484.25,130488.39,1545864.63,4604836.96,2,20,22,1,2,400,20000
103,So11111111111111111111111111111111111111112-6JGSHS9GrE9uG8ix63w3DPMYHrgrJ6J4QyHbBhAepump,WSOL-Crashout,WSOL,So11111111111111111111111111111111111111112,Crashout,6JGSHS9GrE9uG8ix63w3DPMYHrgrJ6J4QyHbBhAepump,244174.63,129428.07,1228042.06,2945904.2,2,8,10,1,2,400,20000
104,So11111111111111111111111111111111111111112-GJtJuWD9qYcCkrwMBmtY1tpapV1sKfB2zUv9Q4aqpump,WSOL-$RIF,WSOL,So11111111111111111111111111111111111111112,$RIF,GJtJuWD9qYcCkrwMBmtY1tpapV1sKfB2zUv9Q4aqpump,557103.28,129329.88,2085721.98,9020136.97,2,14,16,1,2,400,20000
105,So11111111111111111111111111111111111111112-FQ1tyso61AH1tzodyJfSwmzsD3GToybbRNoZxUBz21p8,WSOL-vvaifu,WSOL,So11111111111111111111111111111111111111112,vvaifu,FQ1tyso61AH1tzodyJfSwmzsD3GToybbRNoZxUBz21p8,733809.7,129274.22,1478314.4,4511699.24,2,12,14,1,2,400,20000
106,So11111111111111111111111111111111111111112-Gu3LDkn7Vx3bmCzLafYNKcDxv2mH7YN44NJZFXnypump,WSOL-degenai,WSOL,So11111111111111111111111111111111111111112,degenai,Gu3LDkn7Vx3bmCzLafYNKcDxv2mH7YN44NJZFXnypump,635817.49,128479.01,2354732.24,8402235.23,3,15,18,1,2,400,20000
107,8wXtPeU6557ETkp9WHFY1n1EcU6NxDvbAggHGsMYiHsB-So11111111111111111111111111111111111111112,GME-WSOL,GME,8wXtPeU6557ETkp9WHFY1n1EcU6NxDvbAggHGsMYiHsB,WSOL,So11111111111111111111111111111111111111112,2507141.26,123785.08,1209320.1,8953329.53,2,27,29,1,2,400,20000
108,So11111111111111111111111111111111111111112-7ZqzGzTNg5tjK1CHTBdGFHyKjBtXdfvAobuGgdt4pump,WSOL-BARSIK,WSOL,So11111111111111111111111111111111111111112,BARSIK,7ZqzGzTNg5tjK1CHTBdGFHyKjBtXdfvAobuGgdt4pump,335507.83,121853.94,807100.53,5714562.14,2,11,13,1,2,400,20000
109,So11111111111111111111111111111111111111112-9WPTUkh8fKuCnepRWoPYLH3aK9gSjPHFDenBq2X1Czdp,WSOL-SELFIE,WSOL,So11111111111111111111111111111111111111112,SELFIE,9WPTUkh8fKuCnepRWoPYLH3aK9gSjPHFDenBq2X1Czdp,490472.93,121374.86,831840.01,3108880.44,1,18,19,1,2,400,20000
110,So11111111111111111111111111111111111111112-H2c31USxu35MDkBrGph8pUDUnmzo2e4Rf4hnvL2Upump,WSOL-Shoggoth,WSOL,So11111111111111111111111111111111111111112,Shoggoth,H2c31USxu35MDkBrGph8pUDUnmzo2e4Rf4hnvL2Upump,738394.45,117690.41,1690989.37,6520550.2,2,22,24,1,2,400,20000
111,So11111111111111111111111111111111111111112-AgDNMAi8r2QS1FQEeTHLsZSmkQKCK7xXP2bR7jQ2pump,WSOL-WTF,WSOL,So11111111111111111111111111111111111111112,WTF,AgDNMAi8r2QS1FQEeTHLsZSmkQKCK7xXP2bR7jQ2pump,120689.11,106352.41,494256.21,761122.93,1,2,3,1,2,400,20000
112,So11111111111111111111111111111111111111112-zGh48JtNHVBb5evgoZLXwgPD2Qu4MhkWdJLGDAupump,WSOL-retire,WSOL,So11111111111111111111111111111111111111112,retire,zGh48JtNHVBb5evgoZLXwgPD2Qu4MhkWdJLGDAupump,312185.94,103819.32,751651.31,3853457.55,2,6,8,1,2,400,20000
113,So11111111111111111111111111111111111111112-86t88w3MKT38HChTBKBwEeb1RW1MeTceaW68qY2Vpump,WSOL-LMT,WSOL,So11111111111111111111111111111111111111112,LMT,86t88w3MKT38HChTBKBwEeb1RW1MeTceaW68qY2Vpump,1120645.21,101239.22,2034047.85,6486814.2,2,12,14,1,2,400,20000
114,So11111111111111111111111111111111111111112-HZ1JovNiVvGrGNiiYvEozEVgZ58xaU3RKwX8eACQBCt3,WSOL-PYTH,WSOL,So11111111111111111111111111111111111111112,PYTH,HZ1JovNiVvGrGNiiYvEozEVgZ58xaU3RKwX8eACQBCt3,253063.05,98540.4,3157560.7,7243568.57,3,13,16,1,2,400,20000
115,HUdqc5MR5h3FssESabPnQ1GTgTcPvnNudAuLj5J6a9sU-So11111111111111111111111111111111111111112,BONGO-WSOL,BONGO,HUdqc5MR5h3FssESabPnQ1GTgTcPvnNudAuLj5J6a9sU,WSOL,So11111111111111111111111111111111111111112,631440.27,94334.44,3166666.61,10953680.96,1,5,6,1,2,400,20000
116,So11111111111111111111111111111111111111112-GMzuntWYJLpNuCizrSR7ZXggiMdDzTNiEmSNHHunpump,WSOL-dreams,WSOL,So11111111111111111111111111111111111111112,dreams,GMzuntWYJLpNuCizrSR7ZXggiMdDzTNiEmSNHHunpump,339390.58,94307.62,410113.45,1616455.76,2,5,7,1,2,400,20000
117,So11111111111111111111111111111111111111112-Cn5Ne1vmR9ctMGY9z5NC71A3NYFvopjXNyxYtfVYpump,WSOL-listen,WSOL,So11111111111111111111111111111111111111112,listen,Cn5Ne1vmR9ctMGY9z5NC71A3NYFvopjXNyxYtfVYpump,453424.24,91997.98,1341337.41,6077322.43,2,15,17,1,2,400,20000
118,3WPep4ufaToK1aS5s8BL9inzeUrt4DYaQCiic6ZkkC1U-So11111111111111111111111111111111111111112,GIKO-WSOL,GIKO,3WPep4ufaToK1aS5s8BL9inzeUrt4DYaQCiic6ZkkC1U,WSOL,So11111111111111111111111111111111111111112,327686.22,89827.9,1040303.65,3350968.35,2,16,18,1,2,400,20000
119,So11111111111111111111111111111111111111112-4JFcUJ1HfFKz2F8thdu2frk558EjrLvKEmeMq1ZM2xBP,WSOL-VNTR,WSOL,So11111111111111111111111111111111111111112,VNTR,4JFcUJ1HfFKz2F8thdu2frk558EjrLvKEmeMq1ZM2xBP,237596.89,88307.82,617574.11,1792392.86,2,0,2,1,2,400,20000
120,So11111111111111111111111111111111111111112-SonicxvLud67EceaEzCLRnMTBqzYUUYNr93DBkBdDES,WSOL-SONIC,WSOL,So11111111111111111111111111111111111111112,SONIC,SonicxvLud67EceaEzCLRnMTBqzYUUYNr93DBkBdDES,154435.28,87583.17,568920.6,1599363.18,3,30,33,1,2,400,20000
121,So11111111111111111111111111111111111111112-8i51XNNpGaKaj4G4nDdmQh95v4FKAxw8mhtaRoKd9tE8,WSOL-TETSUO,WSOL,So11111111111111111111111111111111111111112,TETSUO,8i51XNNpGaKaj4G4nDdmQh95v4FKAxw8mhtaRoKd9tE8,414257.8,87403.5,965781.99,3256360.68,2,10,12,1,2,400,20000
122,So11111111111111111111111111111111111111112-E7NgL19JbN8BhUDgWjkH8MtnbhJoaGaWJqosxZZepump,WSOL-PAYAI,WSOL,So11111111111111111111111111111111111111112,PAYAI,E7NgL19JbN8BhUDgWjkH8MtnbhJoaGaWJqosxZZepump,103100.58,83721.12,1303386.13,6336975.53,2,0,2,1,2,400,20000
123,4YK1njyeCkBuXG6phNtidJWKCbBhB659iwGkUJx98P5Z-So11111111111111111111111111111111111111112,DOLAN-WSOL,DOLAN,4YK1njyeCkBuXG6phNtidJWKCbBhB659iwGkUJx98P5Z,WSOL,So11111111111111111111111111111111111111112,592913.85,83435.28,1280072.55,3819638.03,2,0,2,1,2,400,20000
124,So11111111111111111111111111111111111111112-3zJ7RxtzPahndBTEn5PGUyo9xBMv6MJP9J4TPqdFpump,WSOL-ESIM,WSOL,So11111111111111111111111111111111111111112,ESIM,3zJ7RxtzPahndBTEn5PGUyo9xBMv6MJP9J4TPqdFpump,131664.44,83190.83,682696.75,22736215.43,1,9,10,1,2,400,20000
125,So11111111111111111111111111111111111111112-CreiuhfwdWCN5mJbMJtA9bBpYQrQF2tCBuZwSPWfpump,WSOL-PYTHIA,WSOL,So11111111111111111111111111111111111111112,PYTHIA,CreiuhfwdWCN5mJbMJtA9bBpYQrQF2tCBuZwSPWfpump,1055075.7,79282.7,1917736.95,17319327.34,2,14,16,1,2,400,20000
126,So11111111111111111111111111111111111111112-2eXamy7t3kvKhfV6aJ6Uwe3eh8cuREFcTKs1mFKZpump,WSOL-nuit,WSOL,So11111111111111111111111111111111111111112,nuit,2eXamy7t3kvKhfV6aJ6Uwe3eh8cuREFcTKs1mFKZpump,305816.83,78006.48,1059093.77,7639407.45,1,20,21,1,2,400,20000
127,So11111111111111111111111111111111111111112-EQs4DEeaSyrhRPM6JPsf2ptLf4EHkcGXB7ybeufxpump,WSOL-saint,WSOL,So11111111111111111111111111111111111111112,saint,EQs4DEeaSyrhRPM6JPsf2ptLf4EHkcGXB7ybeufxpump,157303.21,74974.54,360320.57,3713403.16,2,0,2,1,2,400,20000
128,So11111111111111111111111111111111111111112-HW7D5MyYG4Dz2C98axfjVBeLWpsEnofrqy6ZUwqwpump,WSOL-VIRAL,WSOL,So11111111111111111111111111111111111111112,VIRAL,HW7D5MyYG4Dz2C98axfjVBeLWpsEnofrqy6ZUwqwpump,434464.7,74943.39,1424180.55,5841600.96,2,6,8,1,2,400,20000
129,So11111111111111111111111111111111111111112-3JgFwoYV74f6LwWjQWnr3YDPFnmBdwQfNyubv99jqUoq,WSOL-wPOND,WSOL,So11111111111111111111111111111111111111112,wPOND,3JgFwoYV74f6LwWjQWnr3YDPFnmBdwQfNyubv99jqUoq,119210.58,74247.94,722757.05,6562734.52,2,28,30,1,2,400,20000
130,So11111111111111111111111111111111111111112-Zc4uJVrHC2APe9qKwBD11Gg4BbvQr3naM8f7Wiopump,WSOL-pep ,WSOL,So11111111111111111111111111111111111111112,pep ,Zc4uJVrHC2APe9qKwBD11Gg4BbvQr3naM8f7Wiopump,211073.84,73052.1,388023.45,7136464.62,2,0,2,1,2,400,20000
131,So11111111111111111111111111111111111111112-8YiB8B43EwDeSx5Jp91VQjgBU4mfCgVvyNahadtzpump,WSOL-Y2K,WSOL,So11111111111111111111111111111111111111112,Y2K,8YiB8B43EwDeSx5Jp91VQjgBU4mfCgVvyNahadtzpump,287491.47,71805.16,397747.84,2100951.18,1,7,8,1,2,400,20000
132,So11111111111111111111111111111111111111112-FvgqHMfL9yn39V79huDPy3YUNDoYJpuLWng2JfmQpump,WSOL-$URO,WSOL,So11111111111111111111111111111111111111112,$URO,FvgqHMfL9yn39V79huDPy3YUNDoYJpuLWng2JfmQpump,505293.12,69201.39,1263042.9,3546789.63,2,14,16,1,2,400,20000
133,So11111111111111111111111111111111111111112-orcaEKTdK7LKz57vaAYr9QeNsVEPfiu6QeMU1kektZE,WSOL-ORCA,WSOL,So11111111111111111111111111111111111111112,ORCA,orcaEKTdK7LKz57vaAYr9QeNsVEPfiu6QeMU1kektZE,29908.82,69177.26,195077.67,484620.7,1,16,17,1,2,400,20000
134,So11111111111111111111111111111111111111112-HeJUFDxfJSzYFUuHLxkMqCgytU31G6mjP4wKviwqpump,WSOL-GNON,WSOL,So11111111111111111111111111111111111111112,GNON,HeJUFDxfJSzYFUuHLxkMqCgytU31G6mjP4wKviwqpump,631040.8,67170.84,1410920.0,2746672.16,2,14,16,1,2,400,20000
135,So11111111111111111111111111111111111111112-JDzPbXboQYWVmdxXS3LbvjM52RtsV1QaSv2AzoCiai2o,WSOL-FO,WSOL,So11111111111111111111111111111111111111112,FO,JDzPbXboQYWVmdxXS3LbvjM52RtsV1QaSv2AzoCiai2o,73258.68,66156.92,842993.02,12814381.93,2,8,10,1,2,400,20000
136,So11111111111111111111111111111111111111112-EsP4kJfKUDLfX274WoBSiiEy74Sh4tZKUCDjfULHpump,WSOL-FRIC,WSOL,So11111111111111111111111111111111111111112,FRIC,EsP4kJfKUDLfX274WoBSiiEy74Sh4tZKUCDjfULHpump,581020.7,64867.85,675772.95,4437732.49,2,15,17,1,2,400,20000
137,So11111111111111111111111111111111111111112-BmXfbamFqrBzrqihr9hbSmEsfQUXMVaqshAjgvZupump,WSOL-LUX,WSOL,So11111111111111111111111111111111111111112,LUX,BmXfbamFqrBzrqihr9hbSmEsfQUXMVaqshAjgvZupump,603873.21,64052.3,1058973.9,3045169.48,3,25,28,1,2,400,20000
138,So11111111111111111111111111111111111111112-8vBMibwpn8wpfYKbQ9xqzodymg3LjmYec2tSNGRy23K8,WSOL-HYPER,WSOL,So11111111111111111111111111111111111111112,HYPER,8vBMibwpn8wpfYKbQ9xqzodymg3LjmYec2tSNGRy23K8,331994.67,62791.88,563889.59,2100691.6,2,15,17,1,2,400,20000
139,So11111111111111111111111111111111111111112-whispF7G9DHaojYHe2cdhRX5EMJzGBdqq7R57kL6inL,WSOL-WHISP,WSOL,So11111111111111111111111111111111111111112,WHISP,whispF7G9DHaojYHe2cdhRX5EMJzGBdqq7R57kL6inL,231853.66,61906.4,1434323.73,2749597.04,3,12,15,1,2,400,20000
140,So11111111111111111111111111111111111111112-BLDiYcvm3CLcgZ7XUBPgz6idSAkNmWY6MBbm8Xpjpump,WSOL-TRISIG,WSOL,So11111111111111111111111111111111111111112,TRISIG,BLDiYcvm3CLcgZ7XUBPgz6idSAkNmWY6MBbm8Xpjpump,385084.79,61322.88,1753296.0,4071362.03,2,11,13,1,2,400,20000
141,So11111111111111111111111111111111111111112-9JhFqCA21MoAXs2PTaeqNQp2XngPn1PgYr2rsEVCpump,WSOL-OPUS,WSOL,So11111111111111111111111111111111111111112,OPUS,9JhFqCA21MoAXs2PTaeqNQp2XngPn1PgYr2rsEVCpump,678012.81,60172.93,2789594.54,7025263.31,2,11,13,1,2,400,20000
142,So11111111111111111111111111111111111111112-ECY31gWwxy4s2VnMkYhmqDkrV75KrwR2yTtsnrnSpump,WSOL-BARRON,WSOL,So11111111111111111111111111111111111111112,BARRON,ECY31gWwxy4s2VnMkYhmqDkrV75KrwR2yTtsnrnSpump,378377.65,56152.43,308307.53,1288165.66,2,21,23,1,2,400,20000
143,So11111111111111111111111111111111111111112-4TBi66vi32S7J8X1A6eWfaLHYmUXu7CStcEmsJQdpump,WSOL-Ghibli,WSOL,So11111111111111111111111111111111111111112,Ghibli,4TBi66vi32S7J8X1A6eWfaLHYmUXu7CStcEmsJQdpump,38016.98,55964.45,284403.89,2530664.19,2,18,20,1,2,400,20000
144,So11111111111111111111111111111111111111112-GxdTh6udNstGmLLk9ztBb6bkrms7oLbrJp5yzUaVpump,WSOL-scihub,WSOL,So11111111111111111111111111111111111111112,scihub,GxdTh6udNstGmLLk9ztBb6bkrms7oLbrJp5yzUaVpump,244916.83,55432.47,173366.45,867310.72,2,9,11,1,2,400,20000
145,So11111111111111111111111111111111111111112-6d5zHW5B8RkGKd51Lpb9RqFQSqDudr9GJgZ1SgQZpump,WSOL-AVB,WSOL,So11111111111111111111111111111111111111112,AVB,6d5zHW5B8RkGKd51Lpb9RqFQSqDudr9GJgZ1SgQZpump,583363.8,55205.26,556165.03,3605189.41,2,11,13,1,2,400,20000
146,So11111111111111111111111111111111111111112-3B5wuUrMEi5yATD7on46hKfej3pfmd7t1RKgrsN3pump,WSOL-BILLY,WSOL,So11111111111111111111111111111111111111112,BILLY,3B5wuUrMEi5yATD7on46hKfej3pfmd7t1RKgrsN3pump,905995.56,54725.3,1000146.63,3950859.75,3,36,39,1,2,400,20000
147,So11111111111111111111111111111111111111112-KMnDBXcPXoz6oMJW5XG4tXdwSWpmWEP2RQM1Uujpump,WSOL-FIGHT,WSOL,So11111111111111111111111111111111111111112,FIGHT,KMnDBXcPXoz6oMJW5XG4tXdwSWpmWEP2RQM1Uujpump,328787.58,54066.25,313066.95,2265009.45,2,15,17,1,2,400,20000
148,So11111111111111111111111111111111111111112-HBoNJ5v8g71s2boRivrHnfSB5MVPLDHHyVjruPfhGkvL,WSOL-PURPE,WSOL,So11111111111111111111111111111111111111112,PURPE,HBoNJ5v8g71s2boRivrHnfSB5MVPLDHHyVjruPfhGkvL,837903.31,52891.39,460806.82,2569276.72,3,7,10,1,2,400,20000
149,So11111111111111111111111111111111111111112-3joMReCCSESngJEpFLoKR2dNcChjSRCDtybQet5uSpse,WSOL-CAT,WSOL,So11111111111111111111111111111111111111112,CAT,3joMReCCSESngJEpFLoKR2dNcChjSRCDtybQet5uSpse,375295.87,52465.46,373443.74,1388667.74,1,3,4,1,2,400,20000
150,So11111111111111111111111111111111111111112-GiG7Hr61RVm4CSUxJmgiCoySFQtdiwxtqf64MsRppump,WSOL-SCF,WSOL,So11111111111111111111111111111111111111112,SCF,GiG7Hr61RVm4CSUxJmgiCoySFQtdiwxtqf64MsRppump,972916.23,52455.07,653101.64,2608908.78,2,20,22,1,2,400,20000
151,So11111111111111111111111111111111111111112-FHKiJEg2zmhv9DEeaXMSZa7R4P8BPFX5VTRrzrtJpump,WSOL-HIBER,WSOL,So11111111111111111111111111111111111111112,HIBER,FHKiJEg2zmhv9DEeaXMSZa7R4P8BPFX5VTRrzrtJpump,178131.55,52447.72,560928.72,16184140.15,1,5,6,1,2,400,20000
152,85cQsFgbi8mBZxiPppbpPXuV7j1hA8tBwhjF4gKW6mHg-So11111111111111111111111111111111111111112,Rizzmas-WSOL,Rizzmas,85cQsFgbi8mBZxiPppbpPXuV7j1hA8tBwhjF4gKW6mHg,WSOL,So11111111111111111111111111111111111111112,389282.34,51337.48,407070.47,2202726.5,2,15,17,1,2,400,20000
153,So11111111111111111111111111111111111111112-CNvitvFnSM5ed6K28RUNSaAjqqz5tX1rA5HgaBN9pump,WSOL-FRED,WSOL,So11111111111111111111111111111111111111112,FRED,CNvitvFnSM5ed6K28RUNSaAjqqz5tX1rA5HgaBN9pump,862860.79,50560.62,940298.92,5078693.29,2,0,2,1,2,400,20000
154,So11111111111111111111111111111111111111112-BeGY8KqKxboEwRbJd1q9H2K829jS4Rc5dEyNMYXCbV5p,WSOL-NPC,WSOL,So11111111111111111111111111111111111111112,NPC,BeGY8KqKxboEwRbJd1q9H2K829jS4Rc5dEyNMYXCbV5p,816322.77,49586.31,542203.1,2531530.8,2,0,2,1,2,400,20000
155,EPjFWdd5AufqSSqeM2qN1xzybapC8G4wEGGkZwyTDt1v-Hg8bKz4mvs8KNj9zew1cEF9tDw1x2GViB4RFZjVEmfrD,USDC-,USDC,EPjFWdd5AufqSSqeM2qN1xzybapC8G4wEGGkZwyTDt1v,,Hg8bKz4mvs8KNj9zew1cEF9tDw1x2GViB4RFZjVEmfrD,333268.72,48295.47,636192.33,10515811.28,7,3,10,1,2,400,20000
156,So11111111111111111111111111111111111111112-Foot4fxy8CHxM37W8BeHwK6aLd8VH2yHTFu43KCxbCqc,WSOL-BIG,WSOL,So11111111111111111111111111111111111111112,BIG,Foot4fxy8CHxM37W8BeHwK6aLd8VH2yHTFu43KCxbCqc,262471.32,48089.08,362875.33,1767422.14,3,0,3,1,2,400,20000
157,So11111111111111111111111111111111111111112-5XyKkFaJpAmsH4Tf2EFj3S61W3hC5cJhxNZQQ5h1pump,WSOL-Luigi,WSOL,So11111111111111111111111111111111111111112,Luigi,5XyKkFaJpAmsH4Tf2EFj3S61W3hC5cJhxNZQQ5h1pump,533434.94,47364.33,218649.33,2821404.48,3,17,20,1,2,400,20000
158,hntyVP6YFm1Hg25TN9WGLqM12b8TQmcknKrdu1oxWux-So11111111111111111111111111111111111111112,HNT-WSOL,HNT,hntyVP6YFm1Hg25TN9WGLqM12b8TQmcknKrdu1oxWux,WSOL,So11111111111111111111111111111111111111112,2401062.24,46966.57,921564.25,7758511.91,2,6,8,1,2,400,20000
159,So11111111111111111111111111111111111111112-B5WTLaRwaUQpKk7ir1wniNB6m5o8GgMrimhKMYan2R6B,WSOL-Pepe,WSOL,So11111111111111111111111111111111111111112,Pepe,B5WTLaRwaUQpKk7ir1wniNB6m5o8GgMrimhKMYan2R6B,325996.49,46061.8,252197.76,4726786.33,3,0,3,1,2,400,20000
160,So11111111111111111111111111111111111111112-2RBko3xoz56aH69isQMUpzZd9NYHahhwC23A5F3Spkin,WSOL-PKIN,WSOL,So11111111111111111111111111111111111111112,PKIN,2RBko3xoz56aH69isQMUpzZd9NYHahhwC23A5F3Spkin,759297.92,45325.35,472553.55,1876723.87,2,18,20,1,2,400,20000
161,ULwSJmmpxmnRfpu6BjnK6rprKXqD5jXUmPpS1FxHXFy-So11111111111111111111111111111111111111112,HEGE-WSOL,HEGE,ULwSJmmpxmnRfpu6BjnK6rprKXqD5jXUmPpS1FxHXFy,WSOL,So11111111111111111111111111111111111111112,864995.48,45075.58,509785.89,1373333.57,2,6,8,1,2,400,20000
162,So11111111111111111111111111111111111111112-J7tYmq2JnQPvxyhcXpCDrvJnc9R5ts8rv7tgVHDPsw7U,WSOL-FLOYDAI,WSOL,So11111111111111111111111111111111111111112,FLOYDAI,J7tYmq2JnQPvxyhcXpCDrvJnc9R5ts8rv7tgVHDPsw7U,405417.94,44321.8,1052545.72,3682709.26,1,4,5,1,2,400,20000
163,So11111111111111111111111111111111111111112-3iQL8BFS2vE7mww4ehAqQHAsbmRNCrPxizWAT2Zfyr9y,WSOL-VIRTUAL,WSOL,So11111111111111111111111111111111111111112,VIRTUAL,3iQL8BFS2vE7mww4ehAqQHAsbmRNCrPxizWAT2Zfyr9y,52343.5,43466.14,245733.4,286690.1,1,17,18,1,2,400,20000
164,So11111111111111111111111111111111111111112-A3vBwL3Pd6nkBqVo87D6TLWYG4ekWuDeqCoLFeyvRMcb,WSOL-SUMMIT,WSOL,So11111111111111111111111111111111111111112,SUMMIT,A3vBwL3Pd6nkBqVo87D6TLWYG4ekWuDeqCoLFeyvRMcb,215080.91,43203.89,264566.57,903816.86,2,0,2,1,2,400,20000
165,So11111111111111111111111111111111111111112-4q3Z58YxrZEAVMLtMwnm7eHtodSD3LSpSNt3pDnqpump,WSOL-KOLIN,WSOL,So11111111111111111111111111111111111111112,KOLIN,4q3Z58YxrZEAVMLtMwnm7eHtodSD3LSpSNt3pDnqpump,405159.82,42923.35,560697.97,2387958.32,2,6,8,1,2,400,20000
166,So11111111111111111111111111111111111111112-4NBTf8PfLH4oLFnwf3knv46FY9i5oXjDxffCetXRpump,WSOL-YzY,WSOL,So11111111111111111111111111111111111111112,YzY,4NBTf8PfLH4oLFnwf3knv46FY9i5oXjDxffCetXRpump,463701.9,41094.17,740822.02,4629614.69,2,0,2,1,2,400,20000
167,So11111111111111111111111111111111111111112-9So52ugZh2BLBT3f7p61947q91uQh2DyvbfyMDeRpump,WSOL-MUSKIT,WSOL,So11111111111111111111111111111111111111112,MUSKIT,9So52ugZh2BLBT3f7p61947q91uQh2DyvbfyMDeRpump,253613.31,38262.05,664866.36,3759370.77,2,10,12,1,2,400,20000
168,So11111111111111111111111111111111111111112-69G8CpUVZAxbPMiEBrfCCCH445NwFxH6PzVL693Xpump,WSOL-xavier,WSOL,So11111111111111111111111111111111111111112,xavier,69G8CpUVZAxbPMiEBrfCCCH445NwFxH6PzVL693Xpump,158049.32,36214.47,434606.33,816545.34,3,7,10,1,2,400,20000
169,So11111111111111111111111111111111111111112-2HHgCLfKA5Rd1Fn9xAxfYzS3XoR5NnuxKDYz2EmWpump,WSOL-SBR,WSOL,So11111111111111111111111111111111111111112,SBR,2HHgCLfKA5Rd1Fn9xAxfYzS3XoR5NnuxKDYz2EmWpump,161649.02,35738.5,150286.06,354781.98,1,10,11,1,2,400,20000
170,So11111111111111111111111111111111111111112-HFw81sUUPBkNF5tKDanV8VCYTfVY4XbrEEPiwzyypump,WSOL-DUCKAI,WSOL,So11111111111111111111111111111111111111112,DUCKAI,HFw81sUUPBkNF5tKDanV8VCYTfVY4XbrEEPiwzyypump,164682.32,35416.51,386426.24,4069278.75,2,0,2,1,2,400,20000
171,So11111111111111111111111111111111111111112-EBGaJP7srpUUN8eRdta1MsojrNtweuHYsdP3P1TRpump,WSOL-REALIS,WSOL,So11111111111111111111111111111111111111112,REALIS,EBGaJP7srpUUN8eRdta1MsojrNtweuHYsdP3P1TRpump,373247.65,35360.14,596754.27,2266880.51,2,8,10,1,2,400,20000
172,So11111111111111111111111111111111111111112-6D7NaB2xsLd7cauWu1wKk6KBsJohJmP2qZH9GEfVi5Ui,WSOL-SC,WSOL,So11111111111111111111111111111111111111112,SC,6D7NaB2xsLd7cauWu1wKk6KBsJohJmP2qZH9GEfVi5Ui,528669.62,35270.28,456730.05,2581753.42,1,13,14,1,2,400,20000
173,So11111111111111111111111111111111111111112-DEf93bSt8dx58gDFCcz4CwbjYZzjwaRBYAciJYLfdCA9,WSOL-KWEEN,WSOL,So11111111111111111111111111111111111111112,KWEEN,DEf93bSt8dx58gDFCcz4CwbjYZzjwaRBYAciJYLfdCA9,287804.83,34930.84,175128.44,1304899.82,2,10,12,1,2,400,20000
174,So11111111111111111111111111111111111111112-9sbrLLnk4vxJajnZWXP9h5qk1NDFw7dz2eHjgemcpump,WSOL-Beenz,WSOL,So11111111111111111111111111111111111111112,Beenz,9sbrLLnk4vxJajnZWXP9h5qk1NDFw7dz2eHjgemcpump,168755.45,34186.46,223361.16,2540125.34,2,10,12,1,2,400,20000
175,So11111111111111111111111111111111111111112-WEmjxPMGXEW1Nvc4rCgRKiWHj1H1tvhPsKMw2yvpump,WSOL-DIGIMON,WSOL,So11111111111111111111111111111111111111112,DIGIMON,WEmjxPMGXEW1Nvc4rCgRKiWHj1H1tvhPsKMw2yvpump,192498.36,32719.89,772531.84,6666991.57,1,8,9,1,2,400,20000
176,So11111111111111111111111111111111111111112-7b36cKRYFZsMp3vLByVwfVQxW2ndcYth5rhPnyypump,WSOL-PINO,WSOL,So11111111111111111111111111111111111111112,PINO,7b36cKRYFZsMp3vLByVwfVQxW2ndcYth5rhPnyypump,407145.5,32062.89,304676.81,2503959.62,1,21,22,1,2,400,20000
177,So11111111111111111111111111111111111111112-9hfKxLSnwh4LhpRgmxBYDRgrKeYUgszMePKxuidPpump,WSOL-KIT,WSOL,So11111111111111111111111111111111111111112,KIT,9hfKxLSnwh4LhpRgmxBYDRgrKeYUgszMePKxuidPpump,170139.56,31817.4,548851.02,2195206.42,1,12,13,1,2,400,20000
178,3pGyE8coXwBy8rx71zjtHDRrSA5TvKmuRgqwhK3Xmoon-So11111111111111111111111111111111111111112,CHADETTE-WSOL,CHADETTE,3pGyE8coXwBy8rx71zjtHDRrSA5TvKmuRgqwhK3Xmoon,WSOL,So11111111111111111111111111111111111111112,422981.02,31056.65,496732.55,2813774.45,2,0,2,1,2,400,20000
179,madHpjRn6bd8t78Rsy7NuSuNwWa2HU8ByPobZprHbHv-So11111111111111111111111111111111111111112,MAD-WSOL,MAD,madHpjRn6bd8t78Rsy7NuSuNwWa2HU8ByPobZprHbHv,WSOL,So11111111111111111111111111111111111111112,428872.99,30813.97,229323.65,1028695.69,2,0,2,1,2,400,20000
180,So11111111111111111111111111111111111111112-B89Hd5Juz7JP2dxCZXFJWk4tMTcbw7feDhuWGb3kq5qE,WSOL-NC,WSOL,So11111111111111111111111111111111111111112,NC,B89Hd5Juz7JP2dxCZXFJWk4tMTcbw7feDhuWGb3kq5qE,238768.55,30154.2,293603.18,1296595.96,2,23,25,1,2,400,20000
181,So11111111111111111111111111111111111111112-79yTpy8uwmAkrdgZdq6ZSBTvxKsgPrNqTLvYQBh1pump,WSOL-BULLY,WSOL,So11111111111111111111111111111111111111112,BULLY,79yTpy8uwmAkrdgZdq6ZSBTvxKsgPrNqTLvYQBh1pump,438059.05,29827.85,321886.85,1597781.3,1,16,17,1,2,400,20000
182,So11111111111111111111111111111111111111112-B5UsiUYcTD3PcQa8r2uXcVgRmDL8jUYuXPiYjrY7pump,WSOL-SOLA,WSOL,So11111111111111111111111111111111111111112,SOLA,B5UsiUYcTD3PcQa8r2uXcVgRmDL8jUYuXPiYjrY7pump,182582.94,29438.54,506796.07,1023042.37,2,16,18,1,2,400,20000
183,So11111111111111111111111111111111111111112-275FUEyp5o7TWo1dCDYJyprb4o2WBcxEQsvmt816pump,WSOL-AAA,WSOL,So11111111111111111111111111111111111111112,AAA,275FUEyp5o7TWo1dCDYJyprb4o2WBcxEQsvmt816pump,137081.61,29401.05,215289.25,517945.57,2,0,2,1,2,400,20000
184,So11111111111111111111111111111111111111112-8CzPPqenpfRXvjE5DHfE3kMDgJhHwWZ1WXRzs44KsamW,WSOL-YAPSTER,WSOL,So11111111111111111111111111111111111111112,YAPSTER,8CzPPqenpfRXvjE5DHfE3kMDgJhHwWZ1WXRzs44KsamW,232917.64,29346.15,525498.1,1351328.82,2,6,8,1,2,400,20000
185,So11111111111111111111111111111111111111112-9psiRdn9cXYVps4F1kFuoNjd2EtmqNJXrCPmRppJpump,WSOL-UBC,WSOL,So11111111111111111111111111111111111111112,UBC,9psiRdn9cXYVps4F1kFuoNjd2EtmqNJXrCPmRppJpump,335549.51,29025.05,228419.58,1237065.17,2,16,18,1,2,400,20000
186,So11111111111111111111111111111111111111112-8AS9yeGsAwvTs9gCDKMmB2MgX8NiSvv4uppH61yqpump,WSOL-$horny,WSOL,So11111111111111111111111111111111111111112,$horny,8AS9yeGsAwvTs9gCDKMmB2MgX8NiSvv4uppH61yqpump,138066.09,28514.32,232095.13,4584942.55,1,5,6,1,2,400,20000
187,7JA5eZdCzztSfQbJvS8aVVxMFfd81Rs9VvwnocV1mKHu-EPjFWdd5AufqSSqeM2qN1xzybapC8G4wEGGkZwyTDt1v,GEOD-USDC,GEOD,7JA5eZdCzztSfQbJvS8aVVxMFfd81Rs9VvwnocV1mKHu,USDC,EPjFWdd5AufqSSqeM2qN1xzybapC8G4wEGGkZwyTDt1v,1430660.63,28333.58,414019.45,2030780.74,2,2,4,1,2,400,20000
188,So11111111111111111111111111111111111111112-AsyfR3e5JcPqWot4H5MMhQUm7DZ4zwQrcp2zbB7vpump,WSOL-IQ,WSOL,So11111111111111111111111111111111111111112,IQ,AsyfR3e5JcPqWot4H5MMhQUm7DZ4zwQrcp2zbB7vpump,333625.68,26983.7,533742.37,2377515.55,1,15,16,1,2,400,20000
189,SENDdRQtYMWaQrBroBrJ2Q53fgVuq95CV9UPGEvpCxa-So11111111111111111111111111111111111111112,SEND-WSOL,SEND,SENDdRQtYMWaQrBroBrJ2Q53fgVuq95CV9UPGEvpCxa,WSOL,So11111111111111111111111111111111111111112,166541.49,26841.95,251624.43,1462107.17,1,26,27,1,2,400,20000
190,So11111111111111111111111111111111111111112-5SRer48NRfmhsut1n4ZwSAVUJAErNjdKcXTMVaxdpump,WSOL-GARY,WSOL,So11111111111111111111111111111111111111112,GARY,5SRer48NRfmhsut1n4ZwSAVUJAErNjdKcXTMVaxdpump,114202.7,26650.38,538903.53,1056642.84,1,2,3,1,2,400,20000
191,So11111111111111111111111111111111111111112-FLJYGHpCCcfYUdzhcfHSeSd2peb5SMajNWaCsRnhpump,WSOL-STORE,WSOL,So11111111111111111111111111111111111111112,STORE,FLJYGHpCCcfYUdzhcfHSeSd2peb5SMajNWaCsRnhpump,211690.69,25948.08,266385.81,1259412.38,1,5,6,1,2,400,20000
192,ATLASXmbPQxBUYbxPsV97usA3fPQYEqzQBUHgiFCUsXx-EPjFWdd5AufqSSqeM2qN1xzybapC8G4wEGGkZwyTDt1v,ATLAS-USDC,ATLAS,ATLASXmbPQxBUYbxPsV97usA3fPQYEqzQBUHgiFCUsXx,USDC,EPjFWdd5AufqSSqeM2qN1xzybapC8G4wEGGkZwyTDt1v,125423.46,25755.68,182010.16,1155258.37,3,5,8,1,2,400,20000
193,So11111111111111111111111111111111111111112-4mbdysBik3jmzD7mt6FGPDsMxnYcxExSQRFjPucdpump,WSOL-TSOTCHKE,WSOL,So11111111111111111111111111111111111111112,TSOTCHKE,4mbdysBik3jmzD7mt6FGPDsMxnYcxExSQRFjPucdpump,398200.82,25593.89,663451.18,3919470.18,1,10,11,1,2,400,20000
194,7fb49Wrtx5xksfzGxsa8Y1zV1CCyeimmysGYKkirzCUm-EPjFWdd5AufqSSqeM2qN1xzybapC8G4wEGGkZwyTDt1v,DAILYBET-USDC,DAILYBET,7fb49Wrtx5xksfzGxsa8Y1zV1CCyeimmysGYKkirzCUm,USDC,EPjFWdd5AufqSSqeM2qN1xzybapC8G4wEGGkZwyTDt1v,197124.73,24272.51,365716.45,989760.41,2,0,2,1,2,400,20000
195,So11111111111111111111111111111111111111112-5QQRKwnJsoy5MHbYvUe1zgtNUGhesQ5SErQvnAZgpump,WSOL-DIDDY,WSOL,So11111111111111111111111111111111111111112,DIDDY,5QQRKwnJsoy5MHbYvUe1zgtNUGhesQ5SErQvnAZgpump,189650.94,24084.65,141786.51,519288.55,2,7,9,1,2,400,20000
196,So11111111111111111111111111111111111111112-FLqmVrv6cp7icjobpRMQJMEyjF3kF84QmC4HXpySpump,WSOL-BUCK,WSOL,So11111111111111111111111111111111111111112,BUCK,FLqmVrv6cp7icjobpRMQJMEyjF3kF84QmC4HXpySpump,349170.69,23706.99,161724.25,875453.34,2,0,2,1,2,400,20000
197,So11111111111111111111111111111111111111112-2G8LH53fcr3aCrEsmAo73eunbZRbyjKrGH5qmur6pump,WSOL-supercycle,WSOL,So11111111111111111111111111111111111111112,supercycle,2G8LH53fcr3aCrEsmAo73eunbZRbyjKrGH5qmur6pump,169307.96,23693.49,193600.99,879408.59,2,0,2,1,2,400,20000
198,So11111111111111111111111111111111111111112-71AZt4P5kc5vpfTJR1HjNbMzD84G7vxam4DtL3kJpump,WSOL-blormmy,WSOL,So11111111111111111111111111111111111111112,blormmy,71AZt4P5kc5vpfTJR1HjNbMzD84G7vxam4DtL3kJpump,403360.34,23591.71,191694.17,844379.17,1,6,7,1,2,400,20000
199,So11111111111111111111111111111111111111112-BEgBsVSKJSxreiCE1XmWWq8arnwit7xDqQXSWYgay9xP,WSOL-WYAC,WSOL,So11111111111111111111111111111111111111112,WYAC,BEgBsVSKJSxreiCE1XmWWq8arnwit7xDqQXSWYgay9xP,212109.68,23551.21,202853.06,459096.83,1,13,14,1,2,400,20000
200,So11111111111111111111111111111111111111112-43VWkd99HjqkhFTZbWBpMpRhjG469nWa7x7uEsgSH7We,WSOL-STNK,WSOL,So11111111111111111111111111111111111111112,STNK,43VWkd99HjqkhFTZbWBpMpRhjG469nWa7x7uEsgSH7We,957122.86,23507.43,336163.87,1751071.25,4,9,13,1,2,400,20000
201,So11111111111111111111111111111111111111112-UCYaUNhgB2344N8Qpg4t712V9RHahcpTCejwXKspump,WSOL-mxyz,WSOL,So11111111111111111111111111111111111111112,mxyz,UCYaUNhgB2344N8Qpg4t712V9RHahcpTCejwXKspump,121027.22,23253.93,308338.83,3415065.84,1,11,12,1,2,400,20000
202,RAPRz9fd87y9qcBGj1VVqUbbUM6DaBggSDA58zc3N2b-EPjFWdd5AufqSSqeM2qN1xzybapC8G4wEGGkZwyTDt1v,RAPR-USDC,RAPR,RAPRz9fd87y9qcBGj1VVqUbbUM6DaBggSDA58zc3N2b,USDC,EPjFWdd5AufqSSqeM2qN1xzybapC8G4wEGGkZwyTDt1v,165357.66,22888.92,190562.73,962885.42,2,0,2,1,2,400,20000
203,So11111111111111111111111111111111111111112-HsNx7RirehVMy54xnFtcgCBPDMrwNnJKykageqdWpump,WSOL-daige,WSOL,So11111111111111111111111111111111111111112,daige,HsNx7RirehVMy54xnFtcgCBPDMrwNnJKykageqdWpump,153482.87,22530.22,233521.36,1358852.86,2,8,10,1,2,400,20000
204,So11111111111111111111111111111111111111112-HHoXk7WursT9DLBBhHzBWBbuQkfvvoNyHKpJi61mpump,WSOL-TNSR,WSOL,So11111111111111111111111111111111111111112,TNSR,HHoXk7WursT9DLBBhHzBWBbuQkfvvoNyHKpJi61mpump,249930.66,22282.72,290818.92,1423803.84,1,12,13,1,2,400,20000
205,So11111111111111111111111111111111111111112-HELn8rSM1rp8vAjNH4NYXzX6FvCbwWMGqLfaMgiBnZFV,WSOL-RIO,WSOL,So11111111111111111111111111111111111111112,RIO,HELn8rSM1rp8vAjNH4NYXzX6FvCbwWMGqLfaMgiBnZFV,147793.39,22233.87,182018.52,386090.2,2,0,2,1,2,400,20000
206,So11111111111111111111111111111111111111112-7h5AzpYTAnh4Gyux8Gqko5Fvx4AYQBZdkzHZ2CsBudvJ,WSOL-Citadail,WSOL,So11111111111111111111111111111111111111112,Citadail,7h5AzpYTAnh4Gyux8Gqko5Fvx4AYQBZdkzHZ2CsBudvJ,313249.26,22228.36,472003.82,2207002.62,2,11,13,1,2,400,20000
207,So11111111111111111111111111111111111111112-FrkF4GNdqKZLuzWXTk1imqMJRGK9uxCRE3PaBKZbpump,WSOL-DRIP,WSOL,So11111111111111111111111111111111111111112,DRIP,FrkF4GNdqKZLuzWXTk1imqMJRGK9uxCRE3PaBKZbpump,104439.99,21949.92,483729.5,3718078.64,2,0,2,1,2,400,20000
208,3psH1Mj1f7yUfaD5gh6Zj7epE8hhrMkMETgv5TshQA4o-So11111111111111111111111111111111111111112,boden-WSOL,boden,3psH1Mj1f7yUfaD5gh6Zj7epE8hhrMkMETgv5TshQA4o,WSOL,So11111111111111111111111111111111111111112,461579.78,21928.25,97604.99,1203263.31,2,14,16,1,2,400,20000
209,rndrizKT3MK1iimdxRdWabcF7Zg7AR5T4nud4EkHBof-EPjFWdd5AufqSSqeM2qN1xzybapC8G4wEGGkZwyTDt1v,RENDER-USDC,RENDER,rndrizKT3MK1iimdxRdWabcF7Zg7AR5T4nud4EkHBof,USDC,EPjFWdd5AufqSSqeM2qN1xzybapC8G4wEGGkZwyTDt1v,56606.61,21686.23,222141.48,1760600.36,1,7,8,1,2,400,20000
210,So11111111111111111111111111111111111111112-3Rcc6tMyS7ZEa29dxV4g3J5StorS9J1dn98gd42pZTk1,WSOL-MIMANY,WSOL,So11111111111111111111111111111111111111112,MIMANY,3Rcc6tMyS7ZEa29dxV4g3J5StorS9J1dn98gd42pZTk1,113160.81,20921.32,83277.06,149797.57,2,8,10,1,2,400,20000
211,So11111111111111111111111111111111111111112-6TcoT3vcexjsMuuLvS9DhBUrVVcoqBMHEppQGQLMpump,WSOL-BNTY,WSOL,So11111111111111111111111111111111111111112,BNTY,6TcoT3vcexjsMuuLvS9DhBUrVVcoqBMHEppQGQLMpump,161736.42,20891.9,175576.13,892664.27,1,7,8,1,2,400,20000
212,GJgHsc1HU4ibmzW6oWQr8L2RRT95ATc1BoNuLkp94AwU-So11111111111111111111111111111111111111112,WBS-WSOL,WBS,GJgHsc1HU4ibmzW6oWQr8L2RRT95ATc1BoNuLkp94AwU,WSOL,So11111111111111111111111111111111111111112,288844.33,20752.59,226489.67,897174.25,2,0,2,1,2,400,20000
213,HfMbPyDdZH6QMaDDUokjYCkHxzjoGBMpgaUvpLWGbF5p-So11111111111111111111111111111111111111112,PBTC-WSOL,PBTC,HfMbPyDdZH6QMaDDUokjYCkHxzjoGBMpgaUvpLWGbF5p,WSOL,So11111111111111111111111111111111111111112,273771.6,20472.92,122985.98,794626.73,2,10,12,1,2,400,20000
214,So11111111111111111111111111111111111111112-3an8rhdepsLCya22af7qDBKPbdomw8K4iCHXaA2Gpump,WSOL-Quant,WSOL,So11111111111111111111111111111111111111112,Quant,3an8rhdepsLCya22af7qDBKPbdomw8K4iCHXaA2Gpump,327554.41,19942.25,202089.92,764096.41,2,11,13,1,2,400,20000
215,So11111111111111111111111111111111111111112-6yjNqPzTSanBWSa6dxVEgTjePXBrZ2FoHLDQwYwEsyM6,WSOL-Chud,WSOL,So11111111111111111111111111111111111111112,Chud,6yjNqPzTSanBWSa6dxVEgTjePXBrZ2FoHLDQwYwEsyM6,369690.13,19374.54,342144.34,2125113.03,1,13,14,1,2,400,20000
216,GENEtH5amGSi8kHAtQoezp1XEXwZJ8vcuePYnXdKrMYz-EPjFWdd5AufqSSqeM2qN1xzybapC8G4wEGGkZwyTDt1v,GENE-USDC,GENE,GENEtH5amGSi8kHAtQoezp1XEXwZJ8vcuePYnXdKrMYz,USDC,EPjFWdd5AufqSSqeM2qN1xzybapC8G4wEGGkZwyTDt1v,26904.08,19131.34,54435.62,139334.52,1,3,4,1,2,400,20000
217,So11111111111111111111111111111111111111112-5UAMZkfNmuVcKzr2wo8Jqw4R1k8vfdAVJNN6h3bVpump,WSOL-LIMBO,WSOL,So11111111111111111111111111111111111111112,LIMBO,5UAMZkfNmuVcKzr2wo8Jqw4R1k8vfdAVJNN6h3bVpump,312177.85,18104.7,292371.89,1198489.85,1,8,9,1,2,400,20000
218,So11111111111111111111111111111111111111112-DPaQfq5sFnoqw2Sh9WMmmASFL9LNu6RdtDqwE1tab2tB,WSOL-SKBDI,WSOL,So11111111111111111111111111111111111111112,SKBDI,DPaQfq5sFnoqw2Sh9WMmmASFL9LNu6RdtDqwE1tab2tB,343015.87,17959.93,244348.11,1515312.69,2,4,6,1,2,400,20000
219,DeaKMzAeZja3Mh5okZE6WUvygLP3Lfuvm6Rg78HqXTz9-So11111111111111111111111111111111111111112,SOLNIC-WSOL,SOLNIC,DeaKMzAeZja3Mh5okZE6WUvygLP3Lfuvm6Rg78HqXTz9,WSOL,So11111111111111111111111111111111111111112,380396.3,17720.68,87268.03,515786.45,3,0,3,1,2,400,20000
220,So11111111111111111111111111111111111111112-AaWVpk6eZbgBfVbq1UfXw3EXBmAvw4QXov1xHuG7pump,WSOL-TrenchAI,WSOL,So11111111111111111111111111111111111111112,TrenchAI,AaWVpk6eZbgBfVbq1UfXw3EXBmAvw4QXov1xHuG7pump,135253.32,17420.37,81519.62,514461.49,2,14,16,1,2,400,20000
221,Faf89929Ni9fbg4gmVZTca7eW6NFg877Jqn6MizT3Gvw-So11111111111111111111111111111111111111112,WOLF-WSOL,WOLF,Faf89929Ni9fbg4gmVZTca7eW6NFg877Jqn6MizT3Gvw,WSOL,So11111111111111111111111111111111111111112,482047.88,17278.36,197405.29,556578.55,2,0,2,1,2,400,20000
222,So11111111111111111111111111111111111111112-92cRC6kV5D7TiHX1j56AbkPbffo9jwcXxSDQZ8Mopump,WSOL-fxn,WSOL,So11111111111111111111111111111111111111112,fxn,92cRC6kV5D7TiHX1j56AbkPbffo9jwcXxSDQZ8Mopump,284908.78,16995.11,399284.01,1564812.06,2,5,7,1,2,400,20000
223,A3eME5CetyZPBoWbRUwY3tSe25S6tb18ba9ZPbWk9eFJ-So11111111111111111111111111111111111111112,PENG-WSOL,PENG,A3eME5CetyZPBoWbRUwY3tSe25S6tb18ba9ZPbWk9eFJ,WSOL,So11111111111111111111111111111111111111112,417603.82,16854.28,254654.41,1404532.33,2,0,2,1,2,400,20000
224,So11111111111111111111111111111111111111112-DriFtupJYLTosbwoN8koMbEYSx54aFAVLddWsbksjwg7,WSOL-DRIFT,WSOL,So11111111111111111111111111111111111111112,DRIFT,DriFtupJYLTosbwoN8koMbEYSx54aFAVLddWsbksjwg7,27847.75,16284.34,114565.8,180653.6,1,20,21,1,2,400,20000
225,So11111111111111111111111111111111111111112-AUdUEc98MGfEHJiJfCgMaW8gKdcfNDio8BFzGKBwjztC,WSOL-Digi,WSOL,So11111111111111111111111111111111111111112,Digi,AUdUEc98MGfEHJiJfCgMaW8gKdcfNDio8BFzGKBwjztC,198637.56,16226.73,323368.08,1455154.09,2,12,14,1,2,400,20000
226,So11111111111111111111111111111111111111112-8NNXWrWVctNw1UFeaBypffimTdcLCcD8XJzHvYsmgwpF,WSOL-BRAINLET,WSOL,So11111111111111111111111111111111111111112,BRAINLET,8NNXWrWVctNw1UFeaBypffimTdcLCcD8XJzHvYsmgwpF,302359.21,16154.31,675362.38,4762627.83,5,19,24,1,2,400,20000
227,So11111111111111111111111111111111111111112-5QS7RcHfGUa2ZtrovPvEJMB9coqroiT7H48dPSwFpump,WSOL-AIOS,WSOL,So11111111111111111111111111111111111111112,AIOS,5QS7RcHfGUa2ZtrovPvEJMB9coqroiT7H48dPSwFpump,345121.17,15769.78,380802.66,4968832.77,3,15,18,1,2,400,20000
228,So11111111111111111111111111111111111111112-CXPLyc3EX8WySgEXLbjhuA7vy8EKQokVJYQuJm2jpump,WSOL-SENTAI,WSOL,So11111111111111111111111111111111111111112,SENTAI,CXPLyc3EX8WySgEXLbjhuA7vy8EKQokVJYQuJm2jpump,111707.5,14924.16,71795.72,241143.04,2,6,8,1,2,400,20000
229,So11111111111111111111111111111111111111112-FABELyo4mGW399dBZJhMeD988o2hEPu3B3LNWtuW4ueN,WSOL-FABEL,WSOL,So11111111111111111111111111111111111111112,FABEL,FABELyo4mGW399dBZJhMeD988o2hEPu3B3LNWtuW4ueN,79264.15,14854.45,325486.44,2743605.68,2,1,3,1,2,400,20000
230,So11111111111111111111111111111111111111112-DtR4D9FtVoTX2569gaL837ZgrB6wNjj6tkmnX9Rdk9B2,WSOL-aura,WSOL,So11111111111111111111111111111111111111112,aura,DtR4D9FtVoTX2569gaL837ZgrB6wNjj6tkmnX9Rdk9B2,362222.42,14767.46,297375.89,1171058.88,1,15,16,1,2,400,20000
231,So11111111111111111111111111111111111111112-5drB44YYwNVE6RyxZyRRLbDyEAHgdhkJVgsgc7P6pump,WSOL-NORDO,WSOL,So11111111111111111111111111111111111111112,NORDO,5drB44YYwNVE6RyxZyRRLbDyEAHgdhkJVgsgc7P6pump,150413.62,14437.85,122875.4,895045.73,1,1,2,1,2,400,20000
232,So11111111111111111111111111111111111111112-9bNUjxEvygayUE2ZRN5zh9Hhjh6cN6GPK4zoHzXXpump,WSOL-MOSS,WSOL,So11111111111111111111111111111111111111112,MOSS,9bNUjxEvygayUE2ZRN5zh9Hhjh6cN6GPK4zoHzXXpump,141776.0,14112.86,170024.62,1284090.71,2,7,9,1,2,400,20000
233,So11111111111111111111111111111111111111112-5J4TsPD5CWCpHtQJEYXUhFxoKKeY5nbKe3VJ5cvvbonk,WSOL-POST,WSOL,So11111111111111111111111111111111111111112,POST,5J4TsPD5CWCpHtQJEYXUhFxoKKeY5nbKe3VJ5cvvbonk,23583.61,13835.97,2782292.08,2782292.08,1,2,3,1,2,400,20000
234,85VBFQZC9TZkfaptBWjvUw7YbZjy52A6mjtPGjstQAmQ-EPjFWdd5AufqSSqeM2qN1xzybapC8G4wEGGkZwyTDt1v,W-USDC,W,85VBFQZC9TZkfaptBWjvUw7YbZjy52A6mjtPGjstQAmQ,USDC,EPjFWdd5AufqSSqeM2qN1xzybapC8G4wEGGkZwyTDt1v,201670.13,13710.88,171375.17,939251.06,1,18,19,1,2,400,20000
235,So11111111111111111111111111111111111111112-HhCLbkW6FwhriTkk81W8tYstsRCLUu6Y7Je1SQjVpump,WSOL-KIKI,WSOL,So11111111111111111111111111111111111111112,KIKI,HhCLbkW6FwhriTkk81W8tYstsRCLUu6Y7Je1SQjVpump,301239.5,13705.54,420545.99,1446752.09,2,10,12,1,2,400,20000
236,So11111111111111111111111111111111111111112-54Ah6XTV7n27SuFa2sqyz7DSoRmVmFTbB6wbuzqPpump,WSOL-Terminus,WSOL,So11111111111111111111111111111111111111112,Terminus,54Ah6XTV7n27SuFa2sqyz7DSoRmVmFTbB6wbuzqPpump,28326.12,13516.99,18753.45,144635.8,2,0,2,1,2,400,20000
237,49ztDWXk7qEfz8Y1t8owmhLhewiA3ptVNPpRGAjRd8Wh-So11111111111111111111111111111111111111112,NYAN-WSOL,NYAN,49ztDWXk7qEfz8Y1t8owmhLhewiA3ptVNPpRGAjRd8Wh,WSOL,So11111111111111111111111111111111111111112,90380.95,13491.79,144211.51,421585.77,2,6,8,1,2,400,20000
238,So11111111111111111111111111111111111111112-DNMTk67urDBxEEVRx9HjVzCVu8en4Kgg5HfZy3E6pump,WSOL-ASYM,WSOL,So11111111111111111111111111111111111111112,ASYM,DNMTk67urDBxEEVRx9HjVzCVu8en4Kgg5HfZy3E6pump,243518.09,13476.73,221532.47,1274941.02,1,6,7,1,2,400,20000
239,So11111111111111111111111111111111111111112-EfgEGG9PxLhyk1wqtqgGnwgfVC7JYic3vC9BCWLvpump,WSOL-GYAT,WSOL,So11111111111111111111111111111111111111112,GYAT,EfgEGG9PxLhyk1wqtqgGnwgfVC7JYic3vC9BCWLvpump,306135.52,13462.87,85862.54,1782333.18,2,14,16,1,2,400,20000
240,So11111111111111111111111111111111111111112-8bdhP1UQMevciC9oJ7NrvgDfoW8XPXPfbkkm6vKtMS7N,WSOL-SPORE,WSOL,So11111111111111111111111111111111111111112,SPORE,8bdhP1UQMevciC9oJ7NrvgDfoW8XPXPfbkkm6vKtMS7N,194315.1,13086.84,77529.88,373385.99,2,13,15,1,2,400,20000
241,So11111111111111111111111111111111111111112-UbESBaztbkxJRWxPcfDeK8Fft15igTbrv3sed1bsegM,WSOL-GCATS,WSOL,So11111111111111111111111111111111111111112,GCATS,UbESBaztbkxJRWxPcfDeK8Fft15igTbrv3sed1bsegM,58418.38,13060.93,337419.14,17689165.68,1,8,9,1,2,400,20000
242,AVLhahDcDQ4m4vHM4ug63oh7xc8Jtk49Dm5hoe9Sazqr-So11111111111111111111111111111111111111112,SOLAMA-WSOL,SOLAMA,AVLhahDcDQ4m4vHM4ug63oh7xc8Jtk49Dm5hoe9Sazqr,WSOL,So11111111111111111111111111111111111111112,460634.57,13057.22,162201.59,1256182.04,2,4,6,1,2,400,20000
243,So11111111111111111111111111111111111111112-BkYAUVMar1gLwuFLv2n5cmB6HhcNtvd86kU3gqAypump,WSOL-Elon4AfD,WSOL,So11111111111111111111111111111111111111112,Elon4AfD,BkYAUVMar1gLwuFLv2n5cmB6HhcNtvd86kU3gqAypump,593479.18,12978.13,259457.11,2115827.2,2,0,2,1,2,400,20000
244,So11111111111111111111111111111111111111112-2KchKijPuwnwC92LPWVjFjRwB3WxKtzx9bbXZ7kRpump,WSOL-FUKU,WSOL,So11111111111111111111111111111111111111112,FUKU,2KchKijPuwnwC92LPWVjFjRwB3WxKtzx9bbXZ7kRpump,98949.74,12833.17,113486.83,301162.54,2,11,13,1,2,400,20000
245,LSZmgFnezyfSyWW5xn6dc8fC253cnwYTGgf1TZLGapE-So11111111111111111111111111111111111111112,DEFAPE-WSOL,DEFAPE,LSZmgFnezyfSyWW5xn6dc8fC253cnwYTGgf1TZLGapE,WSOL,So11111111111111111111111111111111111111112,42350.31,12691.49,110062.12,765377.06,1,1,2,1,2,400,20000
246,So11111111111111111111111111111111111111112-4HBQm2EhdpUWZkTYxttxNDnsoWi5beRAGWHpjVo8pump,WSOL-CAT,WSOL,So11111111111111111111111111111111111111112,CAT,4HBQm2EhdpUWZkTYxttxNDnsoWi5beRAGWHpjVo8pump,181121.97,12639.46,171492.4,605088.41,2,0,2,1,2,400,20000
247,So11111111111111111111111111111111111111112-FViMp5phQH2bX81S7Yyn1yXjj3BRddFBNcMCbTH8FCze,WSOL-$TOAD,WSOL,So11111111111111111111111111111111111111112,$TOAD,FViMp5phQH2bX81S7Yyn1yXjj3BRddFBNcMCbTH8FCze,244115.26,12428.69,193599.59,892934.36,3,0,3,1,2,400,20000
248,So11111111111111111111111111111111111111112-GwkEDwePTa6aFosh9xzAniGK1zvLrQ5yPJfLnqwmuyhG,WSOL-HYPERSKIDS,WSOL,So11111111111111111111111111111111111111112,HYPERSKIDS,GwkEDwePTa6aFosh9xzAniGK1zvLrQ5yPJfLnqwmuyhG,44326.05,12158.62,95538.62,1847926.45,1,11,12,1,2,400,20000
249,So11111111111111111111111111111111111111112-4BBjpGwLgGmUxtT82YFK9xMhcvyy3zgf3HpxTRip1YoU,WSOL-Mundi,WSOL,So11111111111111111111111111111111111111112,Mundi,4BBjpGwLgGmUxtT82YFK9xMhcvyy3zgf3HpxTRip1YoU,319473.3,11975.15,136185.81,1948712.57,2,0,2,1,2,400,20000
250,So11111111111111111111111111111111111111112-8tSeXYSXzFvaDX1nbWrEFFaFuPHuWqpzksKYxQPvpump,WSOL-VIBE,WSOL,So11111111111111111111111111111111111111112,VIBE,8tSeXYSXzFvaDX1nbWrEFFaFuPHuWqpzksKYxQPvpump,206797.42,11511.27,188756.04,730165.48,3,5,8,1,2,400,20000
251,GinNabffZL4fUj9Vactxha74GDAW8kDPGaHqMtMzps2f-So11111111111111111111111111111111111111112,GINNAN-WSOL,GINNAN,GinNabffZL4fUj9Vactxha74GDAW8kDPGaHqMtMzps2f,WSOL,So11111111111111111111111111111111111111112,165358.61,11350.74,87120.65,267479.14,2,8,10,1,2,400,20000
252,So11111111111111111111111111111111111111112-3MyaQBG7y3SHLQZa282Jh2xtB2TZKHGzNp1CuZ4Cpump,WSOL-Qude,WSOL,So11111111111111111111111111111111111111112,Qude,3MyaQBG7y3SHLQZa282Jh2xtB2TZKHGzNp1CuZ4Cpump,167347.87,11317.14,655644.2,1157607.44,2,11,13,1,2,400,20000
253,So11111111111111111111111111111111111111112-AuQaustGiaqxRvj2gtCdrd22PBzTn8kM3kEPEkZCtuDw,WSOL-ADX,WSOL,So11111111111111111111111111111111111111112,ADX,AuQaustGiaqxRvj2gtCdrd22PBzTn8kM3kEPEkZCtuDw,143181.12,10964.42,86666.31,686850.38,1,5,6,1,2,400,20000
254,So11111111111111111111111111111111111111112-89S9RdgynPq5odSRmcCDAzg26iYuRw4wqUmzMbjUpump,WSOL-EKKO,WSOL,So11111111111111111111111111111111111111112,EKKO,89S9RdgynPq5odSRmcCDAzg26iYuRw4wqUmzMbjUpump,113294.45,10877.97,103617.15,1010837.84,1,5,6,1,2,400,20000
255,So11111111111111111111111111111111111111112-BoAQaykj3LtkM2Brevc7cQcRAzpqcsP47nJ2rkyopump,WSOL-FOREST,WSOL,So11111111111111111111111111111111111111112,FOREST,BoAQaykj3LtkM2Brevc7cQcRAzpqcsP47nJ2rkyopump,277542.12,10699.96,130726.09,839183.22,2,8,10,1,2,400,20000
256,AFE2hvmamdJ34kH3Jtb6g1nqmJU8sMMRVKJmE7D88h3g-So11111111111111111111111111111111111111112,MUTE-WSOL,MUTE,AFE2hvmamdJ34kH3Jtb6g1nqmJU8sMMRVKJmE7D88h3g,WSOL,So11111111111111111111111111111111111111112,51529.34,10676.37,360440.83,551166.0,2,0,2,1,2,400,20000
257,So11111111111111111111111111111111111111112-5ZMUboLJUeneKouqrqu4jeLE68vX68ehE5qprV3Upump,WSOL-TIRED,WSOL,So11111111111111111111111111111111111111112,TIRED,5ZMUboLJUeneKouqrqu4jeLE68vX68ehE5qprV3Upump,151582.04,10676.19,130390.27,934070.63,2,2,4,1,2,400,20000
258,AZsHEMXd36Bj1EMNXhowJajpUXzrKcK57wW4ZGXVa7yR-EPjFWdd5AufqSSqeM2qN1xzybapC8G4wEGGkZwyTDt1v,GUAC-USDC,GUAC,AZsHEMXd36Bj1EMNXhowJajpUXzrKcK57wW4ZGXVa7yR,USDC,EPjFWdd5AufqSSqeM2qN1xzybapC8G4wEGGkZwyTDt1v,294564.39,10626.47,112774.54,830907.14,2,6,8,1,2,400,20000
259,So11111111111111111111111111111111111111112-H33XL6HHDReCVRgSApZpsXM7Hy7JGyLztRJaGxjapump,WSOL-APPLE,WSOL,So11111111111111111111111111111111111111112,APPLE,H33XL6HHDReCVRgSApZpsXM7Hy7JGyLztRJaGxjapump,156803.64,10576.21,172200.91,516270.9,1,13,14,1,2,400,20000
260,So11111111111111111111111111111111111111112-5DQSDg6SGkbsbykq4mQstpcL4d5raEHc6rY7LgBwpump,WSOL-lou,WSOL,So11111111111111111111111111111111111111112,lou,5DQSDg6SGkbsbykq4mQstpcL4d5raEHc6rY7LgBwpump,232370.69,10513.62,157264.79,739837.88,1,15,16,1,2,400,20000
261,So11111111111111111111111111111111111111112-EqeEBGHQhQy6SqeaJcnqAsNs3qaG19sdF89Xsarpump,WSOL-TRUST,WSOL,So11111111111111111111111111111111111111112,TRUST,EqeEBGHQhQy6SqeaJcnqAsNs3qaG19sdF89Xsarpump,225387.12,10501.76,110878.8,550232.31,2,8,10,1,2,400,20000
262,So11111111111111111111111111111111111111112-BfdVHnbt9LSNAFCZU9kvTjbrH3jX78sv2siLKGQ7pump,WSOL-koto,WSOL,So11111111111111111111111111111111111111112,koto,BfdVHnbt9LSNAFCZU9kvTjbrH3jX78sv2siLKGQ7pump,261733.21,10498.75,176845.25,830163.21,2,6,8,1,2,400,20000
263,So11111111111111111111111111111111111111112-XANDuUoVoUqniKkpcKhrxmvYJybpJvUxJLr21Gaj3Hx,WSOL-XAND,WSOL,So11111111111111111111111111111111111111112,XAND,XANDuUoVoUqniKkpcKhrxmvYJybpJvUxJLr21Gaj3Hx,195824.73,10477.37,60467.22,134811.66,3,0,3,1,2,400,20000
264,So11111111111111111111111111111111111111112-62CsquahdQ3J286G9UTqV6whxryfihdV4yg7kSJnpump,WSOL-BGG1,WSOL,So11111111111111111111111111111111111111112,BGG1,62CsquahdQ3J286G9UTqV6whxryfihdV4yg7kSJnpump,212069.71,10230.35,80980.6,318021.26,1,13,14,1,2,400,20000
265,GTH3wG3NErjwcf7VGCoXEXkgXSHvYhx5gtATeeM5JAS1-So11111111111111111111111111111111111111112,WHALES-WSOL,WHALES,GTH3wG3NErjwcf7VGCoXEXkgXSHvYhx5gtATeeM5JAS1,WSOL,So11111111111111111111111111111111111111112,283133.14,9982.35,109369.28,452968.9,1,2,3,1,2,400,20000
266,So11111111111111111111111111111111111111112-8J6CexwfJ8CSzn2DgWhzQe1NHd2hK9DKX59FCNNMo2hu,WSOL-MINIDOGE,WSOL,So11111111111111111111111111111111111111112,MINIDOGE,8J6CexwfJ8CSzn2DgWhzQe1NHd2hK9DKX59FCNNMo2hu,91909.66,9856.77,30894.97,189951.25,2,0,2,1,2,400,20000
267,7dHbWXmci3dT8UFYWYZweBLXgycu7Y3iL6trKn1Y7ARj-EPjFWdd5AufqSSqeM2qN1xzybapC8G4wEGGkZwyTDt1v,stSOL-USDC,stSOL,7dHbWXmci3dT8UFYWYZweBLXgycu7Y3iL6trKn1Y7ARj,USDC,EPjFWdd5AufqSSqeM2qN1xzybapC8G4wEGGkZwyTDt1v,424291.51,9713.98,122833.86,1041728.11,3,0,3,1,2,400,20000
268,So11111111111111111111111111111111111111112-GmbC2HgWpHpq9SHnmEXZNT5e1zgcU9oASDqbAkGTpump,WSOL-CATANA,WSOL,So11111111111111111111111111111111111111112,CATANA,GmbC2HgWpHpq9SHnmEXZNT5e1zgcU9oASDqbAkGTpump,240516.37,9497.79,323854.04,1668939.95,2,14,16,1,2,400,20000
269,So11111111111111111111111111111111111111112-G8Vy25NzjRmuQtnN35xF7j3X2Z1TrV39XijZu8Mg4w8n,WSOL-COOK,WSOL,So11111111111111111111111111111111111111112,COOK,G8Vy25NzjRmuQtnN35xF7j3X2Z1TrV39XijZu8Mg4w8n,118157.45,9485.58,156365.04,1087279.55,2,0,2,1,2,400,20000
270,So11111111111111111111111111111111111111112-2q8Y8rubbsaaA3faq8Ytsk382JXgtKdn23qjNXhSpump,WSOL-ROSS,WSOL,So11111111111111111111111111111111111111112,ROSS,2q8Y8rubbsaaA3faq8Ytsk382JXgtKdn23qjNXhSpump,338372.64,9411.75,41156.3,630320.95,4,11,15,1,2,400,20000
271,So11111111111111111111111111111111111111112-GACpABn18xqiSJbD9ZEyArJDT9RHRMUut5nK9Z9Spump,WSOL-TRENCH,WSOL,So11111111111111111111111111111111111111112,TRENCH,GACpABn18xqiSJbD9ZEyArJDT9RHRMUut5nK9Z9Spump,165254.37,9315.09,99465.17,504611.12,1,4,5,1,2,400,20000
272,So11111111111111111111111111111111111111112-7d5uLATMiAoRC1n9yNc7VCrhx44H6bjEzDx7Gxuhpump,WSOL-SSR,WSOL,So11111111111111111111111111111111111111112,SSR,7d5uLATMiAoRC1n9yNc7VCrhx44H6bjEzDx7Gxuhpump,106661.45,9304.22,56092.18,269923.17,3,0,3,1,2,400,20000
273,So11111111111111111111111111111111111111112-CTJf74cTo3cw8acFP1YXF3QpsQUUBGBjh2k2e8xsZ6UL,WSOL-Neiro,WSOL,So11111111111111111111111111111111111111112,Neiro,CTJf74cTo3cw8acFP1YXF3QpsQUUBGBjh2k2e8xsZ6UL,550051.49,9203.17,191604.24,1079654.23,2,23,25,1,2,400,20000
274,So11111111111111111111111111111111111111112-8fZL148nnC168RAVCZh4PkjvMZmxMEfMLDhoziWVPnqf,WSOL-NiggaButt,WSOL,So11111111111111111111111111111111111111112,NiggaButt,8fZL148nnC168RAVCZh4PkjvMZmxMEfMLDhoziWVPnqf,192935.53,8975.35,91289.06,308477.78,2,0,2,1,2,400,20000
275,So11111111111111111111111111111111111111112-FAFxVxnkzZHMCodkWyoccgUNgVScqMw2mhhQBYDFjFAF,WSOL-FAF,WSOL,So11111111111111111111111111111111111111112,FAF,FAFxVxnkzZHMCodkWyoccgUNgVScqMw2mhhQBYDFjFAF,226127.67,8595.52,114407.58,1360684.2,1,3,4,1,2,400,20000
276,So11111111111111111111111111111111111111112-AHdVQs56QpEEkRx6m8yiYYEiqM2sKjQxVd6mGH12pump,WSOL-FatCat,WSOL,So11111111111111111111111111111111111111112,FatCat,AHdVQs56QpEEkRx6m8yiYYEiqM2sKjQxVd6mGH12pump,311868.93,8590.38,67435.82,241883.69,2,0,2,1,2,400,20000
277,So11111111111111111111111111111111111111112-BDW8YHasD3NSDjSHU9Xy6KXtshGayMGQfj5bJpLcpump,WSOL-HTERM,WSOL,So11111111111111111111111111111111111111112,HTERM,BDW8YHasD3NSDjSHU9Xy6KXtshGayMGQfj5bJpLcpump,79995.37,8225.08,242812.23,427473.04,1,10,11,1,2,400,20000
278,So11111111111111111111111111111111111111112-9Rhbn9G5poLvgnFzuYBtJgbzmiipNra35QpnUek9virt,WSOL-BILLY,WSOL,So11111111111111111111111111111111111111112,BILLY,9Rhbn9G5poLvgnFzuYBtJgbzmiipNra35QpnUek9virt,51955.15,8223.45,121534.41,415376.45,2,1,3,1,2,400,20000
279,So11111111111111111111111111111111111111112-3u4XvCjmTmQmcvjoxo1z8y3wnRdtnCuv6N9WkiE6FJvH,WSOL-FUNGI,WSOL,So11111111111111111111111111111111111111112,FUNGI,3u4XvCjmTmQmcvjoxo1z8y3wnRdtnCuv6N9WkiE6FJvH,111577.37,8159.49,70908.52,123420.96,1,1,2,1,2,400,20000
280,So11111111111111111111111111111111111111112-FMhxJLNmbw6UVKN3ANDKhFdgdEgqJiUEDnBgtDW4pump,WSOL-JASPER,WSOL,So11111111111111111111111111111111111111112,JASPER,FMhxJLNmbw6UVKN3ANDKhFdgdEgqJiUEDnBgtDW4pump,57585.23,7801.28,18417.7,62528.38,1,11,12,1,2,400,20000
281,So11111111111111111111111111111111111111112-Bw5K8eZaf361uDLHgX2UUn1PNfC7XtgQVvY9sSappump,WSOL-MANA,WSOL,So11111111111111111111111111111111111111112,MANA,Bw5K8eZaf361uDLHgX2UUn1PNfC7XtgQVvY9sSappump,133737.6,7680.27,336605.03,499156.13,2,12,14,1,2,400,20000
282,So11111111111111111111111111111111111111112-7JA5eZdCzztSfQbJvS8aVVxMFfd81Rs9VvwnocV1mKHu,WSOL-GEOD,WSOL,So11111111111111111111111111111111111111112,GEOD,7JA5eZdCzztSfQbJvS8aVVxMFfd81Rs9VvwnocV1mKHu,199942.41,7670.05,115282.65,1017050.31,1,1,2,1,2,400,20000
283,So11111111111111111111111111111111111111112-CTgiaZUK12kCcB8sosn4Nt2NZtzLgtPqDwyQyr2syATC,WSOL-BITCOIN,WSOL,So11111111111111111111111111111111111111112,BITCOIN,CTgiaZUK12kCcB8sosn4Nt2NZtzLgtPqDwyQyr2syATC,226883.72,6921.77,88697.33,438515.31,1,4,5,1,2,400,20000
284,So11111111111111111111111111111111111111112-7oBYdEhV4GkXC19ZfgAvXpJWp2Rn9pm1Bx2cVNxFpump,WSOL-CAR,WSOL,So11111111111111111111111111111111111111112,CAR,7oBYdEhV4GkXC19ZfgAvXpJWp2Rn9pm1Bx2cVNxFpump,762697.11,6899.29,236531.91,1744699.84,3,24,27,1,2,400,20000
285,AuQaustGiaqxRvj2gtCdrd22PBzTn8kM3kEPEkZCtuDw-EPjFWdd5AufqSSqeM2qN1xzybapC8G4wEGGkZwyTDt1v,ADX-USDC,ADX,AuQaustGiaqxRvj2gtCdrd22PBzTn8kM3kEPEkZCtuDw,USDC,EPjFWdd5AufqSSqeM2qN1xzybapC8G4wEGGkZwyTDt1v,128681.88,6894.98,71508.89,647234.32,2,8,10,1,2,400,20000
286,So11111111111111111111111111111111111111112-9Yt5tHLFB2Uz1yg3cyEpTN4KTSWhiGpKxXPJ8HX3hat,WSOL-KWANT,WSOL,So11111111111111111111111111111111111111112,KWANT,9Yt5tHLFB2Uz1yg3cyEpTN4KTSWhiGpKxXPJ8HX3hat,85907.27,6890.93,130949.34,429148.93,1,7,8,1,2,400,20000
287,So11111111111111111111111111111111111111112-4AdDFsG1xzz1L7zKGo2fbiqv256Z92u8uCcJCgYuTBLo,WSOL-TJRM,WSOL,So11111111111111111111111111111111111111112,TJRM,4AdDFsG1xzz1L7zKGo2fbiqv256Z92u8uCcJCgYuTBLo,142450.27,6742.16,121933.56,543326.81,4,0,4,1,2,400,20000
288,So11111111111111111111111111111111111111112-8tdzC7mFKhmfPg3KdSBafHqH7jgi3CvKomfj3Hhupump,WSOL-TgMetrics,WSOL,So11111111111111111111111111111111111111112,TgMetrics,8tdzC7mFKhmfPg3KdSBafHqH7jgi3CvKomfj3Hhupump,86264.63,6647.63,171692.39,424356.0,2,0,2,1,2,400,20000
289,So11111111111111111111111111111111111111112-EmhVWGUa2Q9PN4QjzFjvuVyzFKg4s3ERwjKR9dQDpump,WSOL-DTF,WSOL,So11111111111111111111111111111111111111112,DTF,EmhVWGUa2Q9PN4QjzFjvuVyzFKg4s3ERwjKR9dQDpump,188116.94,6639.91,63687.39,868570.95,2,4,6,1,2,400,20000
290,poLisWXnNRwC6oBu1vHiuKQzFjGL4XDSu4g9qjz9qVk-EPjFWdd5AufqSSqeM2qN1xzybapC8G4wEGGkZwyTDt1v,POLIS-USDC,POLIS,poLisWXnNRwC6oBu1vHiuKQzFjGL4XDSu4g9qjz9qVk,USDC,EPjFWdd5AufqSSqeM2qN1xzybapC8G4wEGGkZwyTDt1v,48818.49,6597.03,49270.57,324688.05,1,2,3,1,2,400,20000
291,So11111111111111111111111111111111111111112-8vSwZHKP5WJ8ov6awAntB31Kuyh6NYVwi3qmyZsiivRE,WSOL-SNP500,WSOL,So11111111111111111111111111111111111111112,SNP500,8vSwZHKP5WJ8ov6awAntB31Kuyh6NYVwi3qmyZsiivRE,67075.26,6589.1,138301.81,1177070.52,2,0,2,1,2,400,20000
292,FU1q8vJpZNUrmqsciSjp8bAKKidGsLmouB8CBdf8TKQv-So11111111111111111111111111111111111111112,tremp-WSOL,tremp,FU1q8vJpZNUrmqsciSjp8bAKKidGsLmouB8CBdf8TKQv,WSOL,So11111111111111111111111111111111111111112,672420.36,6451.79,106558.36,654389.36,2,0,2,1,2,400,20000
293,So11111111111111111111111111111111111111112-jUpa2aDCzvdR9EF4fqDXmuyMUkonPTohphABLmRkRFj,WSOL-RIFT,WSOL,So11111111111111111111111111111111111111112,RIFT,jUpa2aDCzvdR9EF4fqDXmuyMUkonPTohphABLmRkRFj,302917.73,6438.68,25313.2,82026.02,3,15,18,1,2,400,20000
294,So11111111111111111111111111111111111111112-G3EDZoS49NRVKP8X1HggHZJueJeR8d2izUHeXdV3pump,WSOL-ASSCOIN,WSOL,So11111111111111111111111111111111111111112,ASSCOIN,G3EDZoS49NRVKP8X1HggHZJueJeR8d2izUHeXdV3pump,117136.3,6401.66,43377.91,296740.9,1,3,4,1,2,400,20000
295,So11111111111111111111111111111111111111112-AnGzGiQ6ddzdqWDuWy6vmibqDv8rsT2QKhcgDrwTpump,WSOL-GAYCOIN,WSOL,So11111111111111111111111111111111111111112,GAYCOIN,AnGzGiQ6ddzdqWDuWy6vmibqDv8rsT2QKhcgDrwTpump,144691.1,6031.14,206178.27,1738277.24,1,11,12,1,2,400,20000
296,So11111111111111111111111111111111111111112-CHVggq5Bu2UKLB1MQtLciDV3UKv5hwLkJwA14egApump,WSOL-momo,WSOL,So11111111111111111111111111111111111111112,momo,CHVggq5Bu2UKLB1MQtLciDV3UKv5hwLkJwA14egApump,66194.62,5993.65,44722.67,700184.72,1,6,7,1,2,400,20000
297,So11111111111111111111111111111111111111112-7UN8WkBumTUCofVPXCPjNWQ6msQhzrg9tFQRP48Nmw5V,WSOL-xencat,WSOL,So11111111111111111111111111111111111111112,xencat,7UN8WkBumTUCofVPXCPjNWQ6msQhzrg9tFQRP48Nmw5V,142650.48,5938.28,47297.68,311504.68,2,0,2,1,2,400,20000
298,26KMQVgDUoB6rEfnJ51yAABWWJND8uMtpnQgsHQ64Udr-So11111111111111111111111111111111111111112,HAMMY-WSOL,HAMMY,26KMQVgDUoB6rEfnJ51yAABWWJND8uMtpnQgsHQ64Udr,WSOL,So11111111111111111111111111111111111111112,267461.82,5651.67,101440.29,441865.26,1,15,16,1,2,400,20000
299,So11111111111111111111111111111111111111112-28YzheH23A58kUGPpEvwyE4kh5iU4FQAHnsUxYY4SNtQ,WSOL-Idiot,WSOL,So11111111111111111111111111111111111111112,Idiot,28YzheH23A58kUGPpEvwyE4kh5iU4FQAHnsUxYY4SNtQ,22686.25,5630.93,32099.25,166842.36,2,0,2,1,2,400,20000
300,So11111111111111111111111111111111111111112-BAezfVmia8UYLt4rst6PCU4dvL2i2qHzqn4wGhytpNJW,WSOL-Ainti,WSOL,So11111111111111111111111111111111111111112,Ainti,BAezfVmia8UYLt4rst6PCU4dvL2i2qHzqn4wGhytpNJW,306934.23,5594.65,75607.88,486975.51,3,7,10,1,2,400,20000
301,So11111111111111111111111111111111111111112-AshG5mHt4y4etsjhKFb2wA2rq1XZxKks1EPzcuXwpump,WSOL-Fullsend,WSOL,So11111111111111111111111111111111111111112,Fullsend,AshG5mHt4y4etsjhKFb2wA2rq1XZxKks1EPzcuXwpump,267988.58,5568.66,143802.5,630713.72,1,12,13,1,2,400,20000
302,So11111111111111111111111111111111111111112-8PVFdKx7fX1FmmoASfTu5CUPEWuD1WY73Z24UTgCpump,WSOL-MPUP,WSOL,So11111111111111111111111111111111111111112,MPUP,8PVFdKx7fX1FmmoASfTu5CUPEWuD1WY73Z24UTgCpump,54994.03,5480.71,18914.41,61840.95,1,4,5,1,2,400,20000
303,orairHM3Yw2PbTfCty1PXy7tEUx3uBMfjouNbm4KnRJ-So11111111111111111111111111111111111111112,JPOW-WSOL,JPOW,orairHM3Yw2PbTfCty1PXy7tEUx3uBMfjouNbm4KnRJ,WSOL,So11111111111111111111111111111111111111112,41842.12,5469.2,27981.21,102232.13,2,0,2,1,2,400,20000
304,So11111111111111111111111111111111111111112-HmAgiwjjP9CXqK5wQNsHKtjAt2CH3Kv8Q7xH5kGL2nqZ,WSOL-Barron,WSOL,So11111111111111111111111111111111111111112,Barron,HmAgiwjjP9CXqK5wQNsHKtjAt2CH3Kv8Q7xH5kGL2nqZ,122773.97,5297.01,21789.95,176527.51,2,0,2,1,2,400,20000
305,So11111111111111111111111111111111111111112-EWWDzCwq4UYW3ERTXbdgd6X6sdkKHFMJqRz1ZiFcpump,WSOL-FATHA,WSOL,So11111111111111111111111111111111111111112,FATHA,EWWDzCwq4UYW3ERTXbdgd6X6sdkKHFMJqRz1ZiFcpump,189398.22,5112.58,59520.43,689808.28,3,0,3,1,2,400,20000
306,So11111111111111111111111111111111111111112-8vCAUbxejdtaxn6jnX5uaQTyTZLmXALg9u1bvFCAjtx7,WSOL-ZACK,WSOL,So11111111111111111111111111111111111111112,ZACK,8vCAUbxejdtaxn6jnX5uaQTyTZLmXALg9u1bvFCAjtx7,167486.36,5100.07,29101.44,176529.07,2,0,2,1,2,400,20000
307,hntyVP6YFm1Hg25TN9WGLqM12b8TQmcknKrdu1oxWux-EPjFWdd5AufqSSqeM2qN1xzybapC8G4wEGGkZwyTDt1v,HNT-USDC,HNT,hntyVP6YFm1Hg25TN9WGLqM12b8TQmcknKrdu1oxWux,USDC,EPjFWdd5AufqSSqeM2qN1xzybapC8G4wEGGkZwyTDt1v,47632.51,5066.44,87979.19,801710.76,1,4,5,1,2,400,20000
308,So11111111111111111111111111111111111111112-BkVeSP2GsXV3AYoRJBSZTpFE8sXmcuGnRQcFgoWspump,WSOL-autism,WSOL,So11111111111111111111111111111111111111112,autism,BkVeSP2GsXV3AYoRJBSZTpFE8sXmcuGnRQcFgoWspump,147645.71,5015.98,60856.87,245539.82,2,7,9,1,2,400,20000
309,So11111111111111111111111111111111111111112-3t4yhNHfy5jZ9skJw9ZMRHvLJw1WUPouJ4TSxatTpump,WSOL-N2,WSOL,So11111111111111111111111111111111111111112,N2,3t4yhNHfy5jZ9skJw9ZMRHvLJw1WUPouJ4TSxatTpump,107398.79,4999.2,51382.24,218059.13,1,4,5,1,2,400,20000
310,3TWgDvYBL2YPET2LxnWAwsMeoA8aL4DutNuwat2pKCjC-So11111111111111111111111111111111111111112,KHAI-WSOL,KHAI,3TWgDvYBL2YPET2LxnWAwsMeoA8aL4DutNuwat2pKCjC,WSOL,So11111111111111111111111111111111111111112,207559.56,4829.46,168455.64,507819.37,3,11,14,1,2,400,20000
311,So11111111111111111111111111111111111111112-AxDKAyDsC7p8C5MeDFX6FKV2MPCSGwzkRfGY2qZZpump,WSOL-NOVA,WSOL,So11111111111111111111111111111111111111112,NOVA,AxDKAyDsC7p8C5MeDFX6FKV2MPCSGwzkRfGY2qZZpump,154768.38,4641.57,95443.44,918219.28,2,0,2,1,2,400,20000
312,9EYScpiysGnEimnQPzazr7Jn9GVfxFYzgTEj85hV9L6U-So11111111111111111111111111111111111111112,tooker-WSOL,tooker,9EYScpiysGnEimnQPzazr7Jn9GVfxFYzgTEj85hV9L6U,WSOL,So11111111111111111111111111111111111111112,163142.19,4603.72,60801.04,266797.92,3,0,3,1,2,400,20000
313,Av6qVigkb7USQyPXJkUvAEm4f599WTRvd75PUWBA9eNm-So11111111111111111111111111111111111111112,COST-WSOL,COST,Av6qVigkb7USQyPXJkUvAEm4f599WTRvd75PUWBA9eNm,WSOL,So11111111111111111111111111111111111111112,168353.35,4560.82,65615.74,229661.87,2,0,2,1,2,400,20000
314,degod39zqQWzpG6h4b7SJLLTCFE6FeZnZD8BwHBFxaN-So11111111111111111111111111111111111111112,DEGOD-WSOL,DEGOD,degod39zqQWzpG6h4b7SJLLTCFE6FeZnZD8BwHBFxaN,WSOL,So11111111111111111111111111111111111111112,642064.44,4554.81,29282.14,266103.3,2,12,14,1,2,400,20000
315,So11111111111111111111111111111111111111112-5Wd2ALxQfnpgQKCyH4WL9giBiiuuLuJs84CJxfQccvmN,WSOL-speed,WSOL,So11111111111111111111111111111111111111112,speed,5Wd2ALxQfnpgQKCyH4WL9giBiiuuLuJs84CJxfQccvmN,91843.34,4343.76,26508.76,69725.41,1,6,7,1,2,400,20000
316,CckLtcfEtsYzg8sUrVBBrFKt16iExpvEurc1dhKmmoon-So11111111111111111111111111111111111111112,T3AI-WSOL,T3AI,CckLtcfEtsYzg8sUrVBBrFKt16iExpvEurc1dhKmmoon,WSOL,So11111111111111111111111111111111111111112,174496.06,4222.31,96702.02,908948.96,1,12,13,1,2,400,20000
317,E2BGnzHdJNUBtAVR7EyQMuEMHqgv65JL8J9ZyqyXUVvA-So11111111111111111111111111111111111111112,CHINA-WSOL,CHINA,E2BGnzHdJNUBtAVR7EyQMuEMHqgv65JL8J9ZyqyXUVvA,WSOL,So11111111111111111111111111111111111111112,80276.13,4186.75,32838.32,335284.75,1,6,7,1,2,400,20000
318,So11111111111111111111111111111111111111112-Em8WF6pg9FmKDy1dXkWhXxpgmfhj5Bes3ZCE8PCCJSHt,WSOL-SHRUB,WSOL,So11111111111111111111111111111111111111112,SHRUB,Em8WF6pg9FmKDy1dXkWhXxpgmfhj5Bes3ZCE8PCCJSHt,98620.6,3899.42,40056.08,166902.26,2,0,2,1,2,400,20000
319,2e1pdGgJEy5VbgsF5wG2jqRKoLJapjpQcXMd2TLuktUF-So11111111111111111111111111111111111111112,SHIT-WSOL,SHIT,2e1pdGgJEy5VbgsF5wG2jqRKoLJapjpQcXMd2TLuktUF,WSOL,So11111111111111111111111111111111111111112,33710.89,3876.02,89944.32,1709905.85,1,6,7,1,2,400,20000
320,So11111111111111111111111111111111111111112-9UNqoPEXXxEnEphmyYsZYdL5dnmAUtdiKRUchpnUF5Ph,WSOL-$WHISKEY,WSOL,So11111111111111111111111111111111111111112,$WHISKEY,9UNqoPEXXxEnEphmyYsZYdL5dnmAUtdiKRUchpnUF5Ph,268812.09,3830.82,49992.27,151120.16,2,0,2,1,2,400,20000
321,So11111111111111111111111111111111111111112-6QSVGUEyBZWRshnXKhS96NQ97vGWiTu61SyHLAbYpump,WSOL-KACY,WSOL,So11111111111111111111111111111111111111112,KACY,6QSVGUEyBZWRshnXKhS96NQ97vGWiTu61SyHLAbYpump,140055.72,3697.43,70045.53,272936.39,1,15,16,1,2,400,20000
322,So11111111111111111111111111111111111111112-GwKKPsJdY5oWMJ8RReWLcvb82KzW6FKy2bKoYW7kHr16,WSOL-LLD,WSOL,So11111111111111111111111111111111111111112,LLD,GwKKPsJdY5oWMJ8RReWLcvb82KzW6FKy2bKoYW7kHr16,457437.47,3686.37,79020.14,832128.29,4,0,4,1,2,400,20000
323,So11111111111111111111111111111111111111112-AbrMJWfDVRZ2EWCQ1xSCpoVeVgZNpq1U2AoYG98oRXfn,WSOL-Cheese,WSOL,So11111111111111111111111111111111111111112,Cheese,AbrMJWfDVRZ2EWCQ1xSCpoVeVgZNpq1U2AoYG98oRXfn,117413.51,3648.42,30340.75,174520.35,1,6,7,1,2,400,20000
324,METAewgxyPbgwsseH8T16a39CQ5VyVxZi9zXiDPY18m-EPjFWdd5AufqSSqeM2qN1xzybapC8G4wEGGkZwyTDt1v,MPLX-USDC,MPLX,METAewgxyPbgwsseH8T16a39CQ5VyVxZi9zXiDPY18m,USDC,EPjFWdd5AufqSSqeM2qN1xzybapC8G4wEGGkZwyTDt1v,215036.09,3629.33,35851.61,149186.16,2,4,6,1,2,400,20000
325,5e41GfrQwTP74LgGt6WP9kw6xa1jQhAERCjnFKf74y52-So11111111111111111111111111111111111111112,VHS -WSOL,VHS ,5e41GfrQwTP74LgGt6WP9kw6xa1jQhAERCjnFKf74y52,WSOL,So11111111111111111111111111111111111111112,119250.14,3612.15,29329.74,212747.31,1,8,9,1,2,400,20000
326,So11111111111111111111111111111111111111112-EmBBhcqgm2acaXv9dXQFyDZDkhL4YMoWnGdHaMQJpump,WSOL-BWT,WSOL,So11111111111111111111111111111111111111112,BWT,EmBBhcqgm2acaXv9dXQFyDZDkhL4YMoWnGdHaMQJpump,98384.28,3583.4,15274.82,218878.45,1,9,10,1,2,400,20000
327,So11111111111111111111111111111111111111112-22Xeo6diWfJrScaoVFzgkwzrCByPukK45fdwkJyrpump,WSOL-Mustard,WSOL,So11111111111111111111111111111111111111112,Mustard,22Xeo6diWfJrScaoVFzgkwzrCByPukK45fdwkJyrpump,91208.9,3577.2,11465.67,43466.87,1,13,14,1,2,400,20000
328,So11111111111111111111111111111111111111112-3UYS3XXYC9yWvNyBWFKqqb5w9YQfX65RQzoAKd8jEUCB,WSOL-WING,WSOL,So11111111111111111111111111111111111111112,WING,3UYS3XXYC9yWvNyBWFKqqb5w9YQfX65RQzoAKd8jEUCB,78448.71,3539.92,19370.67,84018.15,4,0,4,1,2,400,20000
329,So11111111111111111111111111111111111111112-zi87E9xtFPRQ2o9qqerFxUDQLZgEkHrhpHDxxZhYi9a,WSOL-SUPA,WSOL,So11111111111111111111111111111111111111112,SUPA,zi87E9xtFPRQ2o9qqerFxUDQLZgEkHrhpHDxxZhYi9a,44735.14,3528.03,34300.43,724232.88,1,9,10,1,2,400,20000
330,So11111111111111111111111111111111111111112-6n7Janary9fqzxKaJVrhL9TG2F61VbAtwUMu1YZscaQS,WSOL-Hobbes,WSOL,So11111111111111111111111111111111111111112,Hobbes,6n7Janary9fqzxKaJVrhL9TG2F61VbAtwUMu1YZscaQS,139068.96,3526.65,132745.26,446964.46,1,10,11,1,2,400,20000
331,So11111111111111111111111111111111111111112-5qsZAnWuR7vMJbiznrJEY2ddVqZXjNYmFvR3eXSxpump,WSOL-Focai,WSOL,So11111111111111111111111111111111111111112,Focai,5qsZAnWuR7vMJbiznrJEY2ddVqZXjNYmFvR3eXSxpump,44558.41,3486.25,34230.72,341595.49,2,9,11,1,2,400,20000
332,So11111111111111111111111111111111111111112-CmpuL8k9KY3NrpfDRoJrVmuwd1zRMFRUxX55avyGpump,WSOL-Jarvis,WSOL,So11111111111111111111111111111111111111112,Jarvis,CmpuL8k9KY3NrpfDRoJrVmuwd1zRMFRUxX55avyGpump,54021.04,3483.23,37199.24,110961.84,1,2,3,1,2,400,20000
333,So11111111111111111111111111111111111111112-8WnQQRbuEZ3CCDbH5MCVioBbw6o75NKANq9WdPhBDsWo,WSOL-coby,WSOL,So11111111111111111111111111111111111111112,coby,8WnQQRbuEZ3CCDbH5MCVioBbw6o75NKANq9WdPhBDsWo,128838.5,3451.48,17839.56,150978.82,2,10,12,1,2,400,20000
334,So11111111111111111111111111111111111111112-CPcf58MNikQw2G23kTVWQevRDeFDpdxMH7KkR7Lhpump,WSOL-DOBBY,WSOL,So11111111111111111111111111111111111111112,DOBBY,CPcf58MNikQw2G23kTVWQevRDeFDpdxMH7KkR7Lhpump,43117.32,3271.14,38664.57,89516.85,3,0,3,1,2,400,20000
335,EWMfSJgDCE7CXDAYz3hbCaA7NsFHTnddySXx3shco2Hs-So11111111111111111111111111111111111111112,STASH-WSOL,STASH,EWMfSJgDCE7CXDAYz3hbCaA7NsFHTnddySXx3shco2Hs,WSOL,So11111111111111111111111111111111111111112,274427.06,3214.18,21654.39,184335.36,1,3,4,1,2,400,20000
336,So11111111111111111111111111111111111111112-KFTSxPQxDV1wGjEvzKHWD7mG6e9TsMVq4eF4mQppump,WSOL-Duo,WSOL,So11111111111111111111111111111111111111112,Duo,KFTSxPQxDV1wGjEvzKHWD7mG6e9TsMVq4eF4mQppump,127292.55,3196.46,38705.88,522348.87,2,14,16,1,2,400,20000
337,So11111111111111111111111111111111111111112-G6haJithfeUgSghVpu1rDPCq2NFiYcJFHNpHEANbpump,WSOL-RM9000,WSOL,So11111111111111111111111111111111111111112,RM9000,G6haJithfeUgSghVpu1rDPCq2NFiYcJFHNpHEANbpump,113026.63,3173.05,42205.02,219127.95,1,8,9,1,2,400,20000
338,So11111111111111111111111111111111111111112-8cNmp9T2CMQRNZhNRoeSvr57LDf1kbZ42SvgsSWfpump,WSOL-JAIL,WSOL,So11111111111111111111111111111111111111112,JAIL,8cNmp9T2CMQRNZhNRoeSvr57LDf1kbZ42SvgsSWfpump,160543.83,3102.51,44653.43,287557.37,2,11,13,1,2,400,20000
339,So11111111111111111111111111111111111111112-229vWzBTiUNdraYpVtSH9usTwwVxcyPDbBWf1zEPpump,WSOL-CALVIN,WSOL,So11111111111111111111111111111111111111112,CALVIN,229vWzBTiUNdraYpVtSH9usTwwVxcyPDbBWf1zEPpump,86836.87,3101.6,29183.78,66007.93,1,1,2,1,2,400,20000
340,So11111111111111111111111111111111111111112-EoRe4xECTe9imaYtwfdmrGoinD2S1N5yMeu1LrjQpump,WSOL-MWOR,WSOL,So11111111111111111111111111111111111111112,MWOR,EoRe4xECTe9imaYtwfdmrGoinD2S1N5yMeu1LrjQpump,54333.41,2988.79,55939.37,888419.07,2,0,2,1,2,400,20000
341,So11111111111111111111111111111111111111112-GYKmdfcUmZVrqfcH1g579BGjuzSRijj3LBuwv79rpump,WSOL-wDOG,WSOL,So11111111111111111111111111111111111111112,wDOG,GYKmdfcUmZVrqfcH1g579BGjuzSRijj3LBuwv79rpump,250080.69,2883.61,76308.56,241965.9,2,18,20,1,2,400,20000
342,CQSPU12VppGZB7LeRkEaKzrRBzvo1LyA9mR2ydiwKHaL-So11111111111111111111111111111111111111112,YE-WSOL,YE,CQSPU12VppGZB7LeRkEaKzrRBzvo1LyA9mR2ydiwKHaL,WSOL,So11111111111111111111111111111111111111112,161272.14,2727.68,80471.89,868021.31,1,7,8,1,2,400,20000
343,Cwe5k2iEy8dt7vCGY93GBrqQS4FWyac6pQjvjLcPD6qp-So11111111111111111111111111111111111111112,AROK-WSOL,AROK,Cwe5k2iEy8dt7vCGY93GBrqQS4FWyac6pQjvjLcPD6qp,WSOL,So11111111111111111111111111111111111111112,84656.06,2715.96,10182.87,33665.3,2,0,2,1,2,400,20000
344,8CkiSHHJDHJV4LUoiRMLUhqG58cUkbyJRtcP4Z3mCXNf-So11111111111111111111111111111111111111112,POWSCHE-WSOL,POWSCHE,8CkiSHHJDHJV4LUoiRMLUhqG58cUkbyJRtcP4Z3mCXNf,WSOL,So11111111111111111111111111111111111111112,123686.28,2697.37,26984.08,227172.52,1,1,2,1,2,400,20000
345,BNT4uhSStq1beFADv3cq4wQAVfWB392PjAaxTBpNeWxu-So11111111111111111111111111111111111111112,MEDIA-WSOL,MEDIA,BNT4uhSStq1beFADv3cq4wQAVfWB392PjAaxTBpNeWxu,WSOL,So11111111111111111111111111111111111111112,22875.99,2617.97,8042.22,40318.65,2,0,2,1,2,400,20000
346,So11111111111111111111111111111111111111112-Gh8yeA9vH5Fun7J6esFH3mV65cQTBpxk9Z5XpzU7pump,WSOL-RHUN,WSOL,So11111111111111111111111111111111111111112,RHUN,Gh8yeA9vH5Fun7J6esFH3mV65cQTBpxk9Z5XpzU7pump,87060.03,2598.77,24726.69,139613.32,1,7,8,1,2,400,20000
347,So11111111111111111111111111111111111111112-7M9KJcPNC65ShLDmJmTNhVFcuY95Y1VMeYngKgt67D1t,WSOL-r/snoofi,WSOL,So11111111111111111111111111111111111111112,r/snoofi,7M9KJcPNC65ShLDmJmTNhVFcuY95Y1VMeYngKgt67D1t,158842.81,2577.93,56968.51,389675.67,2,16,18,1,2,400,20000
348,So11111111111111111111111111111111111111112-92crE7qiX5T7VtiXhCeagfo1E81UtyguiXM7qCi7pump,WSOL-create,WSOL,So11111111111111111111111111111111111111112,create,92crE7qiX5T7VtiXhCeagfo1E81UtyguiXM7qCi7pump,55884.46,2443.23,42754.03,98231.79,2,4,6,1,2,400,20000
349,So11111111111111111111111111111111111111112-7AJ1KjzjstMnQGzZk1HAKx2atmvvRqWvmRbdYmnviryq,WSOL-XWH,WSOL,So11111111111111111111111111111111111111112,XWH,7AJ1KjzjstMnQGzZk1HAKx2atmvvRqWvmRbdYmnviryq,111031.5,2298.49,76248.41,378534.9,1,7,8,1,2,400,20000
350,So11111111111111111111111111111111111111112-2aWos2YsA6YjN5DHX77diRUx7SKMg7H1U8hqL2N1iy5o,WSOL-GRFT,WSOL,So11111111111111111111111111111111111111112,GRFT,2aWos2YsA6YjN5DHX77diRUx7SKMg7H1U8hqL2N1iy5o,62862.88,2185.06,25863.54,80447.12,2,2,4,1,2,400,20000
351,So11111111111111111111111111111111111111112-5XUUN5z1yBPEwoLztu4qMenmFe6GQnZptBFsnFnEpump,WSOL-WAVE,WSOL,So11111111111111111111111111111111111111112,WAVE,5XUUN5z1yBPEwoLztu4qMenmFe6GQnZptBFsnFnEpump,164134.05,2168.08,89292.92,706981.7,2,12,14,1,2,400,20000
352,So11111111111111111111111111111111111111112-HyDAnhcj7Er5qVHireifnezrSxhYaauFrDNa82nTpump,WSOL-EONIC,WSOL,So11111111111111111111111111111111111111112,EONIC,HyDAnhcj7Er5qVHireifnezrSxhYaauFrDNa82nTpump,41063.15,2162.01,83202.22,415002.83,1,4,5,1,2,400,20000
353,So11111111111111111111111111111111111111112-RufNMBEbKJr6CM1t3nwakZ3BaE9csF2AR15s32VWcRE,WSOL-MIRA,WSOL,So11111111111111111111111111111111111111112,MIRA,RufNMBEbKJr6CM1t3nwakZ3BaE9csF2AR15s32VWcRE,130818.16,2129.66,7852.92,42141.24,2,17,19,1,2,400,20000
354,So11111111111111111111111111111111111111112-CX9YDTED9TWgVXVoFy8JL9gSSAEWcTv4mzjLSv17LQsj,WSOL-DRUGS,WSOL,So11111111111111111111111111111111111111112,DRUGS,CX9YDTED9TWgVXVoFy8JL9gSSAEWcTv4mzjLSv17LQsj,45095.11,2106.96,22565.24,81310.08,2,0,2,1,2,400,20000
355,So11111111111111111111111111111111111111112-2Yufe8mbyi75Zrye56KYz7CVKoX7oCtDZRksd8tQpump,WSOL-AUTO,WSOL,So11111111111111111111111111111111111111112,AUTO,2Yufe8mbyi75Zrye56KYz7CVKoX7oCtDZRksd8tQpump,265249.85,1892.11,5106.18,16899.73,2,0,2,1,2,400,20000
356,So11111111111111111111111111111111111111112-5KHQeeQvM4qBtmX3WnaCMGpM3Th7jYpqcHf3c6qzPodM,WSOL-SMOL,WSOL,So11111111111111111111111111111111111111112,SMOL,5KHQeeQvM4qBtmX3WnaCMGpM3Th7jYpqcHf3c6qzPodM,97619.55,1774.56,16121.19,158737.22,2,0,2,1,2,400,20000
357,So11111111111111111111111111111111111111112-ES1KLhatf4uiDs4Gt5MJkNMCKdYzcwaJnKWt5fTn1ca2,WSOL-BBC,WSOL,So11111111111111111111111111111111111111112,BBC,ES1KLhatf4uiDs4Gt5MJkNMCKdYzcwaJnKWt5fTn1ca2,40592.13,1756.27,21956.91,91939.14,1,2,3,1,2,400,20000
358,8c71AvjQeKKeWRe8jtTGG1bJ2WiYXQdbjqFbUfhHgSVk-So11111111111111111111111111111111111111112,$GARY-WSOL,$GARY,8c71AvjQeKKeWRe8jtTGG1bJ2WiYXQdbjqFbUfhHgSVk,WSOL,So11111111111111111111111111111111111111112,155586.2,1755.72,17054.64,81332.48,3,0,3,1,2,400,20000
359,So11111111111111111111111111111111111111112-6tVZVjcppH2BZ9Xj5yFU1Zt34m2rYcyDqqpSeMDZpump,WSOL-miharu,WSOL,So11111111111111111111111111111111111111112,miharu,6tVZVjcppH2BZ9Xj5yFU1Zt34m2rYcyDqqpSeMDZpump,93632.62,1748.3,24371.96,89455.39,2,12,14,1,2,400,20000
360,So11111111111111111111111111111111111111112-7uJrMsDN2Wxdc3VAq1iK9N5AHaTA7wUpbm1wqRonpump,WSOL-BETH,WSOL,So11111111111111111111111111111111111111112,BETH,7uJrMsDN2Wxdc3VAq1iK9N5AHaTA7wUpbm1wqRonpump,65947.24,1744.65,56646.59,170390.16,3,0,3,1,2,400,20000
361,So11111111111111111111111111111111111111112-2iygm3ZBu3YRDiJREMrZTLayffBJBShTrhEe9iyYpump,WSOL-UP,WSOL,So11111111111111111111111111111111111111112,UP,2iygm3ZBu3YRDiJREMrZTLayffBJBShTrhEe9iyYpump,29316.84,1731.81,10959.17,68093.05,2,0,2,1,2,400,20000
362,So11111111111111111111111111111111111111112-AzC1u8NPdpS6DVBs8Mv3P6egZ2AhN9KaGaY64xVMpump,WSOL-DEEBO,WSOL,So11111111111111111111111111111111111111112,DEEBO,AzC1u8NPdpS6DVBs8Mv3P6egZ2AhN9KaGaY64xVMpump,34884.28,1714.02,16116.4,34435.02,1,14,15,1,2,400,20000
363,So11111111111111111111111111111111111111112-9pnDLVWmWyccy6HhZKcCiwrQEBX1UHQ5ikKPo5xrpump,WSOL-THURSTON,WSOL,So11111111111111111111111111111111111111112,THURSTON,9pnDLVWmWyccy6HhZKcCiwrQEBX1UHQ5ikKPo5xrpump,37298.45,1710.71,20725.09,124268.3,2,0,2,1,2,400,20000
364,So11111111111111111111111111111111111111112-CwsQd329uL1ccxT3my2EJCEsciT1CUfk2BUmPF8Ppump,WSOL-DATAWITCH,WSOL,So11111111111111111111111111111111111111112,DATAWITCH,CwsQd329uL1ccxT3my2EJCEsciT1CUfk2BUmPF8Ppump,39423.2,1682.11,25610.89,71064.66,1,8,9,1,2,400,20000
365,So11111111111111111111111111111111111111112-CVU6QRwpHz94UGyPFFehm1G1sFYRH7xDk9UhZ9RApump,WSOL-000,WSOL,So11111111111111111111111111111111111111112,000,CVU6QRwpHz94UGyPFFehm1G1sFYRH7xDk9UhZ9RApump,122532.41,1667.54,78001.08,88792.26,1,4,5,1,2,400,20000
366,7dGbPgUxKpB5qWiLRKcTQSC3om1fPzUpgGAFfwej9hXx-So11111111111111111111111111111111111111112,GCR-WSOL,GCR,7dGbPgUxKpB5qWiLRKcTQSC3om1fPzUpgGAFfwej9hXx,WSOL,So11111111111111111111111111111111111111112,41482.2,1659.88,5031.09,19185.35,1,7,8,1,2,400,20000
367,So11111111111111111111111111111111111111112-ELdqGtj2MhejZzudGfz7b798si2Av5Asuw9ryEQSpump,WSOL-SCARF,WSOL,So11111111111111111111111111111111111111112,SCARF,ELdqGtj2MhejZzudGfz7b798si2Av5Asuw9ryEQSpump,38540.25,1622.83,21747.03,56211.46,1,10,11,1,2,400,20000
368,So11111111111111111111111111111111111111112-6rUT1GmuuTr6pK8bW3hb9SZDVyDd9GfRTaAe8VV8pump,WSOL-RHD,WSOL,So11111111111111111111111111111111111111112,RHD,6rUT1GmuuTr6pK8bW3hb9SZDVyDd9GfRTaAe8VV8pump,60104.79,1607.7,17029.5,125161.24,1,3,4,1,2,400,20000
369,So11111111111111111111111111111111111111112-69veVD4oo3QbJzXrAH7Rans8sue68AsgYyirWUrxSQUy,WSOL-HENTAI6900,WSOL,So11111111111111111111111111111111111111112,HENTAI6900,69veVD4oo3QbJzXrAH7Rans8sue68AsgYyirWUrxSQUy,29022.8,1588.5,26234.53,67955.95,2,0,2,1,2,400,20000
370,So11111111111111111111111111111111111111112-5UmDWgyLV1JBg8Jr8NwyezXdQkiU3vHGJu2efm7Cpump,WSOL-AGENCY,WSOL,So11111111111111111111111111111111111111112,AGENCY,5UmDWgyLV1JBg8Jr8NwyezXdQkiU3vHGJu2efm7Cpump,85083.89,1559.11,37700.47,173143.87,1,8,9,1,2,400,20000
371,So11111111111111111111111111111111111111112-9dLuVbJMd4ZpTpFgmaFHAGSsFwVjtcnzFWaLAA1expHg,WSOL-HEEHEE,WSOL,So11111111111111111111111111111111111111112,HEEHEE,9dLuVbJMd4ZpTpFgmaFHAGSsFwVjtcnzFWaLAA1expHg,204829.99,1521.96,33996.98,234002.3,3,0,3,1,2,400,20000
372,So11111111111111111111111111111111111111112-tqrRt3AsuGa3aYYSvABMDrPJEWVzpAnh3p6LxXGpump,WSOL-ponzi,WSOL,So11111111111111111111111111111111111111112,ponzi,tqrRt3AsuGa3aYYSvABMDrPJEWVzpAnh3p6LxXGpump,62705.43,1471.02,81122.74,376280.91,1,7,8,1,2,400,20000
373,So11111111111111111111111111111111111111112-Fxm6tJ2khHbLVcSgnYUqg9FiBduVRLEvdQR67dvQ3eGp,WSOL-NAI,WSOL,So11111111111111111111111111111111111111112,NAI,Fxm6tJ2khHbLVcSgnYUqg9FiBduVRLEvdQR67dvQ3eGp,87692.44,1469.26,48291.02,171449.54,2,5,7,1,2,400,20000
374,oraiJP7H3LAt57DkFXNLDbLdBFNRRPvS8jg2j5AZkd9-So11111111111111111111111111111111111111112,GNRT-WSOL,GNRT,oraiJP7H3LAt57DkFXNLDbLdBFNRRPvS8jg2j5AZkd9,WSOL,So11111111111111111111111111111111111111112,48860.97,1429.63,6148.48,35515.83,2,6,8,1,2,400,20000
375,So11111111111111111111111111111111111111112-7M3gDRgozcumFsiTeXwjB8cYxpg7Q9R7rH7rkw2Fpump,WSOL-CRIME,WSOL,So11111111111111111111111111111111111111112,CRIME,7M3gDRgozcumFsiTeXwjB8cYxpg7Q9R7rH7rkw2Fpump,114378.54,1426.42,29833.01,204287.82,1,4,5,1,2,400,20000
376,ENoD8J2J6wNHkcJkvVBkwq5JMiR1oNBfBZRkoHCQogyT-So11111111111111111111111111111111111111112,AABL-WSOL,AABL,ENoD8J2J6wNHkcJkvVBkwq5JMiR1oNBfBZRkoHCQogyT,WSOL,So11111111111111111111111111111111111111112,69505.48,1420.25,61054.73,153533.09,1,5,6,1,2,400,20000
377,So11111111111111111111111111111111111111112-8fJCtfbuAaFzdwTnQP84nNhSpZdVy4Uc929eXZRBN8H4,WSOL-PHRZ,WSOL,So11111111111111111111111111111111111111112,PHRZ,8fJCtfbuAaFzdwTnQP84nNhSpZdVy4Uc929eXZRBN8H4,1141236.7,1408.11,132662.9,996678.43,3,1,4,1,2,400,20000
378,So11111111111111111111111111111111111111112-FFgfStKwuF3DSxEeogA69FNkPrkb7XDA5Tw29TBEpump,WSOL-GNZ,WSOL,So11111111111111111111111111111111111111112,GNZ,FFgfStKwuF3DSxEeogA69FNkPrkb7XDA5Tw29TBEpump,38081.5,1407.99,38183.26,297223.17,1,13,14,1,2,400,20000
379,So11111111111111111111111111111111111111112-DexxZWtZd8hdmeth9gKYXgTWa1VYdMVrWFBZ9RXXXhBn,WSOL-Kekec,WSOL,So11111111111111111111111111111111111111112,Kekec,DexxZWtZd8hdmeth9gKYXgTWa1VYdMVrWFBZ9RXXXhBn,24022.83,1404.95,18645.97,77056.9,3,3,6,1,2,400,20000
380,So11111111111111111111111111111111111111112-7ZCm8WBN9aLa3o47SoYctU6iLdj7wkGG5SV2hE5CgtD5,WSOL-ELON,WSOL,So11111111111111111111111111111111111111112,ELON,7ZCm8WBN9aLa3o47SoYctU6iLdj7wkGG5SV2hE5CgtD5,159644.84,1399.96,69640.19,1865804.87,2,0,2,1,2,400,20000
381,So11111111111111111111111111111111111111112-7iagMTDPfNSR5zVcERT1To7A9eaQoz58dJAh42EMHcCC,WSOL-YAKUB,WSOL,So11111111111111111111111111111111111111112,YAKUB,7iagMTDPfNSR5zVcERT1To7A9eaQoz58dJAh42EMHcCC,151516.8,1399.54,72163.6,309950.68,2,0,2,1,2,400,20000
382,So11111111111111111111111111111111111111112-77RBCP95AFT9XRsx4xuGUHjBQsjcatGYCZ2VXx8Epump,WSOL-HUAHUA,WSOL,So11111111111111111111111111111111111111112,HUAHUA,77RBCP95AFT9XRsx4xuGUHjBQsjcatGYCZ2VXx8Epump,62557.69,1391.27,12486.86,57648.76,1,8,9,1,2,400,20000
383,So11111111111111111111111111111111111111112-EjkkxYpfSwS6TAtKKuiJuNMMngYvumc1t1v9ZX1WJKMp,WSOL-TAURUS,WSOL,So11111111111111111111111111111111111111112,TAURUS,EjkkxYpfSwS6TAtKKuiJuNMMngYvumc1t1v9ZX1WJKMp,39546.25,1387.89,10231.31,43605.14,2,0,2,1,2,400,20000
384,So11111111111111111111111111111111111111112-2CsJHNyj74zK6Jaiq2UayPAXFEjmL5UKhpeLNaH45Fud,WSOL-GIZMO,WSOL,So11111111111111111111111111111111111111112,GIZMO,2CsJHNyj74zK6Jaiq2UayPAXFEjmL5UKhpeLNaH45Fud,102175.09,1383.61,15163.77,107177.41,2,0,2,1,2,400,20000
385,So11111111111111111111111111111111111111112-89nnWMkWeF9LSJvAWcN2JFQfeWdDk6diKEckeToEU1hE,WSOL-sora,WSOL,So11111111111111111111111111111111111111112,sora,89nnWMkWeF9LSJvAWcN2JFQfeWdDk6diKEckeToEU1hE,79868.3,1380.94,16520.26,188765.77,2,12,14,1,2,400,20000
386,So11111111111111111111111111111111111111112-HhUVkZ1qz8vfMqZDemLyxBFxrHFKVSYAk7a6227Lpump,WSOL-LI,WSOL,So11111111111111111111111111111111111111112,LI,HhUVkZ1qz8vfMqZDemLyxBFxrHFKVSYAk7a6227Lpump,235705.46,1377.44,38567.55,155762.67,2,6,8,1,2,400,20000
387,So11111111111111111111111111111111111111112-F8tDt7QRAYicWQPK5LTh8kZR4zKJPdTiEq5dwCcVpump,WSOL-SENSUS,WSOL,So11111111111111111111111111111111111111112,SENSUS,F8tDt7QRAYicWQPK5LTh8kZR4zKJPdTiEq5dwCcVpump,92888.1,1366.99,20355.21,172482.62,1,2,3,1,2,400,20000
388,So11111111111111111111111111111111111111112-HaL8cPcEZgwLaCbwyf6aAPh7rhw7iHck22zFXSNjpump,WSOL-Claude,WSOL,So11111111111111111111111111111111111111112,Claude,HaL8cPcEZgwLaCbwyf6aAPh7rhw7iHck22zFXSNjpump,61543.89,1326.33,12460.02,269612.97,2,3,5,1,2,400,20000
389,So11111111111111111111111111111111111111112-8NCievmJCg2d9Vc2TWgz2HkE6ANeSX7kwvdq5AL7pump,WSOL-BUNKER,WSOL,So11111111111111111111111111111111111111112,BUNKER,8NCievmJCg2d9Vc2TWgz2HkE6ANeSX7kwvdq5AL7pump,71197.24,1319.76,209159.92,304004.15,1,2,3,1,2,400,20000
390,6DSqVXg9WLTWgz6LACqxN757QdHe1sCqkUfojWmxWtok-So11111111111111111111111111111111111111112,CORN-WSOL,CORN,6DSqVXg9WLTWgz6LACqxN757QdHe1sCqkUfojWmxWtok,WSOL,So11111111111111111111111111111111111111112,83112.94,1310.32,16222.66,60003.65,1,4,5,1,2,400,20000
391,So11111111111111111111111111111111111111112-AXGmqhcKcPC4bC7vNpxGtu5oEwoEEnyeQUdw9YwYWF1q,WSOL-URKO,WSOL,So11111111111111111111111111111111111111112,URKO,AXGmqhcKcPC4bC7vNpxGtu5oEwoEEnyeQUdw9YwYWF1q,44399.07,1281.02,16450.89,120290.14,3,0,3,1,2,400,20000
392,So11111111111111111111111111111111111111112-61yG5LCoeoqzBdopXPy6BsVPTGdRXht95L68hj5ipump,WSOL-SANDY,WSOL,So11111111111111111111111111111111111111112,SANDY,61yG5LCoeoqzBdopXPy6BsVPTGdRXht95L68hj5ipump,92952.49,1270.42,17370.37,121257.98,1,7,8,1,2,400,20000
393,So11111111111111111111111111111111111111112-CXcWiHFDM1J8RHfAuzor1YGSk6BxGKFY5kstjUZjpump,WSOL-NGNF,WSOL,So11111111111111111111111111111111111111112,NGNF,CXcWiHFDM1J8RHfAuzor1YGSk6BxGKFY5kstjUZjpump,133330.44,1251.95,12068.2,52025.74,3,0,3,1,2,400,20000
394,So11111111111111111111111111111111111111112-8Cd7wXoPb5Yt9cUGtmHNqAEmpMDrhfcVqnGbLC48b8Qm,WSOL-LEO,WSOL,So11111111111111111111111111111111111111112,LEO,8Cd7wXoPb5Yt9cUGtmHNqAEmpMDrhfcVqnGbLC48b8Qm,42995.74,1243.82,4490.94,30653.48,2,0,2,1,2,400,20000
395,So11111111111111111111111111111111111111112-GqmEdRD3zGUZdYPeuDeXxCc8Cj1DBmGSYK97TCwSpump,WSOL-e/acc,WSOL,So11111111111111111111111111111111111111112,e/acc,GqmEdRD3zGUZdYPeuDeXxCc8Cj1DBmGSYK97TCwSpump,154723.3,1237.83,51124.54,717796.5,1,6,7,1,2,400,20000
396,So11111111111111111111111111111111111111112-76PsEyML7UV9uiBDWMdG3itRRuupDuRs6nNpjNBpump,WSOL-PPCOIN,WSOL,So11111111111111111111111111111111111111112,PPCOIN,76PsEyML7UV9uiBDWMdG3itRRuupDuRs6nNpjNBpump,89857.59,1224.79,63669.02,110970.82,1,6,7,1,2,400,20000
397,AVLhahDcDQ4m4vHM4ug63oh7xc8Jtk49Dm5hoe9Sazqr-EPjFWdd5AufqSSqeM2qN1xzybapC8G4wEGGkZwyTDt1v,SOLAMA-USDC,SOLAMA,AVLhahDcDQ4m4vHM4ug63oh7xc8Jtk49Dm5hoe9Sazqr,USDC,EPjFWdd5AufqSSqeM2qN1xzybapC8G4wEGGkZwyTDt1v,73044.81,1212.45,15344.98,94456.97,2,0,2,1,2,400,20000
398,So11111111111111111111111111111111111111112-3vJenGaGsuKG5shPhi7rjnuy3MV6xjmBTGjYqYzXpump,WSOL-RAT,WSOL,So11111111111111111111111111111111111111112,RAT,3vJenGaGsuKG5shPhi7rjnuy3MV6xjmBTGjYqYzXpump,99525.37,1211.66,11782.66,153398.9,2,0,2,1,2,400,20000
399,MM8o3Sk58NufoS8Zds7MYTC1LcStfCaqinN5T2pdNtp-So11111111111111111111111111111111111111112,ETFS-WSOL,ETFS,MM8o3Sk58NufoS8Zds7MYTC1LcStfCaqinN5T2pdNtp,WSOL,So11111111111111111111111111111111111111112,153933.28,1164.33,18746.78,320464.28,5,0,5,1,2,400,20000
400,3FoUAsGDbvTD6YZ4wVKJgTB76onJUKz7GPEBNiR5b8wc-EPjFWdd5AufqSSqeM2qN1xzybapC8G4wEGGkZwyTDt1v,CHEEMS-USDC,CHEEMS,3FoUAsGDbvTD6YZ4wVKJgTB76onJUKz7GPEBNiR5b8wc,USDC,EPjFWdd5AufqSSqeM2qN1xzybapC8G4wEGGkZwyTDt1v,65406.46,1161.64,52349.81,358166.31,2,0,2,1,2,400,20000
401,So11111111111111111111111111111111111111112-62mETtNRaVY5iNsJr5YexsbVg1uyyoLwtoWLSnjApump,WSOL-Stoic,WSOL,So11111111111111111111111111111111111111112,Stoic,62mETtNRaVY5iNsJr5YexsbVg1uyyoLwtoWLSnjApump,102650.97,1139.87,57382.47,354912.94,1,8,9,1,2,400,20000
402,So11111111111111111111111111111111111111112-Bx74hpFiaiBbSonrjyqxjGfAA7gRxM2CeKiy31uN6biR,WSOL-gomu,WSOL,So11111111111111111111111111111111111111112,gomu,Bx74hpFiaiBbSonrjyqxjGfAA7gRxM2CeKiy31uN6biR,105027.53,1124.38,30173.87,105451.71,1,10,11,1,2,400,20000
403,So11111111111111111111111111111111111111112-aSCcjVmMJttZQNYtzhFXmqmUiTm8xkJBggn4sj8pump,WSOL-ForexLens,WSOL,So11111111111111111111111111111111111111112,ForexLens,aSCcjVmMJttZQNYtzhFXmqmUiTm8xkJBggn4sj8pump,31186.12,1113.37,6435.6,34315.81,1,7,8,1,2,400,20000
404,So11111111111111111111111111111111111111112-GnMkhejvQmjMfAwnrYfu1LN3AfheiSo6pD2WaBeRL648,WSOL-RIGHT,WSOL,So11111111111111111111111111111111111111112,RIGHT,GnMkhejvQmjMfAwnrYfu1LN3AfheiSo6pD2WaBeRL648,29658.4,1106.74,13342.89,178603.75,1,3,4,1,2,400,20000
405,So11111111111111111111111111111111111111112-BYMCXiiA4om347ChR4t6bYHzkKJwnULLAg72BeDdpump,WSOL-LORE,WSOL,So11111111111111111111111111111111111111112,LORE,BYMCXiiA4om347ChR4t6bYHzkKJwnULLAg72BeDdpump,38779.45,1074.35,33102.08,317453.81,2,0,2,1,2,400,20000
406,So11111111111111111111111111111111111111112-5bs3kHmjo1F3ZL42scfYyx9re3hhnayZYF8NkUr5D8HE,WSOL-SOAP,WSOL,So11111111111111111111111111111111111111112,SOAP,5bs3kHmjo1F3ZL42scfYyx9re3hhnayZYF8NkUr5D8HE,80835.66,1069.48,104226.67,164689.93,2,0,2,1,2,400,20000
407,MEFNBXixkEbait3xn9bkm8WsJzXtVsaJEn4c8Sam21u-So11111111111111111111111111111111111111112,ME-WSOL,ME,MEFNBXixkEbait3xn9bkm8WsJzXtVsaJEn4c8Sam21u,WSOL,So11111111111111111111111111111111111111112,51806.11,1027.94,18516.01,49905.81,2,48,50,1,2,400,20000
408,So11111111111111111111111111111111111111112-2qDstBuxtqWD2cC74QsMEpAFTHyTerructuG5TF9pump,WSOL-     ,WSOL,So11111111111111111111111111111111111111112,     ,2qDstBuxtqWD2cC74QsMEpAFTHyTerructuG5TF9pump,47048.21,995.72,15859.18,695220.35,2,0,2,1,2,400,20000
409,So11111111111111111111111111111111111111112-AT7RRrFhBU1Dw1WghdgAqeNKNXKomDFXm77owQgppump,WSOL-CHONK,WSOL,So11111111111111111111111111111111111111112,CHONK,AT7RRrFhBU1Dw1WghdgAqeNKNXKomDFXm77owQgppump,101747.87,980.2,5262.87,37984.65,2,2,4,1,2,400,20000
410,So11111111111111111111111111111111111111112-DAMqxQRG5FKsnMNXEdBQMdTSiz86b5BziH4p6FS6pump,WSOL-brokie,WSOL,So11111111111111111111111111111111111111112,brokie,DAMqxQRG5FKsnMNXEdBQMdTSiz86b5BziH4p6FS6pump,51701.24,966.08,2397.12,15192.24,2,0,2,1,2,400,20000
411,So11111111111111111111111111111111111111112-5AnPDx9GposBi9jSW2dFfE5QQD3FmXbudoquMNDxpump,WSOL-DOLLAR,WSOL,So11111111111111111111111111111111111111112,DOLLAR,5AnPDx9GposBi9jSW2dFfE5QQD3FmXbudoquMNDxpump,64596.88,951.57,16133.29,128357.71,1,9,10,1,2,400,20000
412,SCSuPPNUSypLBsV4darsrYNg4ANPgaGhKhsA3GmMyjz-So11111111111111111111111111111111111111112,SCS-WSOL,SCS,SCSuPPNUSypLBsV4darsrYNg4ANPgaGhKhsA3GmMyjz,WSOL,So11111111111111111111111111111111111111112,26614.94,929.73,14518.9,36840.28,1,5,6,1,2,400,20000
413,So11111111111111111111111111111111111111112-Comai3YgiVY2p5ep635Pk4P6jNQHNhigvzeTcB6V7dyj,WSOL-wCOMAI,WSOL,So11111111111111111111111111111111111111112,wCOMAI,Comai3YgiVY2p5ep635Pk4P6jNQHNhigvzeTcB6V7dyj,20715.83,924.39,15714.66,68598.43,2,0,2,1,2,400,20000
414,So11111111111111111111111111111111111111112-8TbsZ3yH1mBHytVpmMn4qED2UeF3FgWUVt1pd5RBpump,WSOL-CUR,WSOL,So11111111111111111111111111111111111111112,CUR,8TbsZ3yH1mBHytVpmMn4qED2UeF3FgWUVt1pd5RBpump,40010.21,920.16,9393.65,65545.63,1,7,8,1,2,400,20000
415,So11111111111111111111111111111111111111112-kH6hPcpdJqeMAATYU7W4rzqZuzYTkYr6QqGYTLkpump,WSOL-EDAS,WSOL,So11111111111111111111111111111111111111112,EDAS,kH6hPcpdJqeMAATYU7W4rzqZuzYTkYr6QqGYTLkpump,35615.56,904.44,4702.98,25490.58,2,0,2,1,2,400,20000
416,So11111111111111111111111111111111111111112-7Yg9Lzgsvjy49mf3LdGyfmn2tT2rGBDUc77267SUpump,WSOL-300BAUD,WSOL,So11111111111111111111111111111111111111112,300BAUD,7Yg9Lzgsvjy49mf3LdGyfmn2tT2rGBDUc77267SUpump,66391.4,882.98,19727.29,117973.85,1,11,12,1,2,400,20000
417,So11111111111111111111111111111111111111112-5Kh2xc7X2qfRig2DZyGkuEXw7jeXUXoei7U6GBjfpump,WSOL-SEDUX,WSOL,So11111111111111111111111111111111111111112,SEDUX,5Kh2xc7X2qfRig2DZyGkuEXw7jeXUXoei7U6GBjfpump,28190.28,876.21,8323.86,17017.68,1,4,5,1,2,400,20000
418,So11111111111111111111111111111111111111112-ENTxR2RP8NtvhXzMNFCxE1HazzdV9x7SuZqGyAb4jdED,WSOL-ENT,WSOL,So11111111111111111111111111111111111111112,ENT,ENTxR2RP8NtvhXzMNFCxE1HazzdV9x7SuZqGyAb4jdED,269650.91,856.72,12651.89,104945.17,4,0,4,1,2,400,20000
419,8c71AvjQeKKeWRe8jtTGG1bJ2WiYXQdbjqFbUfhHgSVk-EPjFWdd5AufqSSqeM2qN1xzybapC8G4wEGGkZwyTDt1v,$GARY-USDC,$GARY,8c71AvjQeKKeWRe8jtTGG1bJ2WiYXQdbjqFbUfhHgSVk,USDC,EPjFWdd5AufqSSqeM2qN1xzybapC8G4wEGGkZwyTDt1v,254780.45,848.46,12397.79,37758.51,2,0,2,1,2,400,20000
420,So11111111111111111111111111111111111111112-BjjvKX5k7gQoGRmvQAA5WMr7EkQ2cirGTSGxAznDpump,WSOL-EARL,WSOL,So11111111111111111111111111111111111111112,EARL,BjjvKX5k7gQoGRmvQAA5WMr7EkQ2cirGTSGxAznDpump,68865.75,845.22,91391.15,162963.47,1,12,13,1,2,400,20000
421,So11111111111111111111111111111111111111112-BXNGghGbqrt2PcM3Y2Une5fD4kbU6VVSPC4uPjf8pump,WSOL-FYBN,WSOL,So11111111111111111111111111111111111111112,FYBN,BXNGghGbqrt2PcM3Y2Une5fD4kbU6VVSPC4uPjf8pump,197592.2,839.8,231485.32,414224.05,3,0,3,1,2,400,20000
422,JDwzFSxcUvLubUb9xAuuZNvh4bbcEJcuM9TezpmRHVWF-So11111111111111111111111111111111111111112,doodoo-WSOL,doodoo,JDwzFSxcUvLubUb9xAuuZNvh4bbcEJcuM9TezpmRHVWF,WSOL,So11111111111111111111111111111111111111112,471819.65,839.27,7912.17,56834.85,2,0,2,1,2,400,20000
423,So11111111111111111111111111111111111111112-8EHC2gfTLDb2eGQfjm17mVNLWPGRc9YVD75bepZ2nZJa,WSOL-$dicki,WSOL,So11111111111111111111111111111111111111112,$dicki,8EHC2gfTLDb2eGQfjm17mVNLWPGRc9YVD75bepZ2nZJa,25058.0,825.58,8626.01,12457.51,1,9,10,1,2,400,20000
424,So11111111111111111111111111111111111111112-7RDvypx3p9EWq4nZZKux1ZQAc7DUWXpHTVKxCCnupump,WSOL-KNOT,WSOL,So11111111111111111111111111111111111111112,KNOT,7RDvypx3p9EWq4nZZKux1ZQAc7DUWXpHTVKxCCnupump,101235.51,823.34,14670.17,74555.11,2,0,2,1,2,400,20000
425,So11111111111111111111111111111111111111112-FqnqT1GKi8S4Gyk5wnSKvJjXW48HqGtKJt9WS4o2pump,WSOL-Bakso,WSOL,So11111111111111111111111111111111111111112,Bakso,FqnqT1GKi8S4Gyk5wnSKvJjXW48HqGtKJt9WS4o2pump,49598.8,815.02,4228.76,27347.44,1,6,7,1,2,400,20000
426,So11111111111111111111111111111111111111112-7KuFdcfzbc3LLoRHNRWfW1dhbPNzuCv41hyYbfSUpump,WSOL-TDS,WSOL,So11111111111111111111111111111111111111112,TDS,7KuFdcfzbc3LLoRHNRWfW1dhbPNzuCv41hyYbfSUpump,66984.47,786.78,99789.33,234624.27,2,8,10,1,2,400,20000
427,So11111111111111111111111111111111111111112-73rzMJ8uEqjAf5vE1YPGrXbg7Cb2Yv85EoxpJh2mpump,WSOL-glam,WSOL,So11111111111111111111111111111111111111112,glam,73rzMJ8uEqjAf5vE1YPGrXbg7Cb2Yv85EoxpJh2mpump,32037.17,704.98,4580.11,20364.77,1,4,5,1,2,400,20000
428,So11111111111111111111111111111111111111112-Ep5tnKTSkLDeQ12ctS3RhQNcbcApkcyJcGPgHh4dpump,WSOL-CRYING,WSOL,So11111111111111111111111111111111111111112,CRYING,Ep5tnKTSkLDeQ12ctS3RhQNcbcApkcyJcGPgHh4dpump,45124.84,679.81,2140.32,13913.0,1,4,5,1,2,400,20000
429,So11111111111111111111111111111111111111112-GLPdQwGtjcynj3RLraenPeR9v1REnpdyuciPBpVipump,WSOL-SCOUT,WSOL,So11111111111111111111111111111111111111112,SCOUT,GLPdQwGtjcynj3RLraenPeR9v1REnpdyuciPBpVipump,101484.03,672.27,5895.74,32565.77,1,15,16,1,2,400,20000
430,So11111111111111111111111111111111111111112-aPig1huDbdDTR9HmJBSHK5jiHrG3o2ZThdG4xPDpump,WSOL-SOURCE,WSOL,So11111111111111111111111111111111111111112,SOURCE,aPig1huDbdDTR9HmJBSHK5jiHrG3o2ZThdG4xPDpump,33898.66,633.19,1734.9,43830.31,2,1,3,1,2,400,20000
431,So11111111111111111111111111111111111111112-B8hCuoikV9gLeuwmTyhNdLbPnb5k3P77Q7WTtEM7pump,WSOL-HOLO,WSOL,So11111111111111111111111111111111111111112,HOLO,B8hCuoikV9gLeuwmTyhNdLbPnb5k3P77Q7WTtEM7pump,68088.79,632.12,31278.51,122197.01,1,18,19,1,2,400,20000
432,So11111111111111111111111111111111111111112-Agentfk87X48g37uPprEZaQtizDvnSQVeTqVjAtmbhd3,WSOL-$SOULS,WSOL,So11111111111111111111111111111111111111112,$SOULS,Agentfk87X48g37uPprEZaQtizDvnSQVeTqVjAtmbhd3,42224.9,608.6,7667.89,20515.05,1,9,10,1,2,400,20000
433,So11111111111111111111111111111111111111112-J1ow1c3ExcJYQmgNFRPfCp1LMYRf6P3A33isDcBmpump,WSOL-ZODs,WSOL,So11111111111111111111111111111111111111112,ZODs,J1ow1c3ExcJYQmgNFRPfCp1LMYRf6P3A33isDcBmpump,108509.03,605.54,32786.86,116016.78,1,6,7,1,2,400,20000
434,So11111111111111111111111111111111111111112-CwdjgD54hgTQChspxHhirWLQWqy3EsxtndrcpLBqpump,WSOL-GOBI,WSOL,So11111111111111111111111111111111111111112,GOBI,CwdjgD54hgTQChspxHhirWLQWqy3EsxtndrcpLBqpump,29344.27,562.95,6621.56,43319.46,1,11,12,1,2,400,20000
435,HfYFjMKNZygfMC8LsQ8LtpPsPxEJoXJx4M6tqi75Hajo-EPjFWdd5AufqSSqeM2qN1xzybapC8G4wEGGkZwyTDt1v,CWAR-USDC,CWAR,HfYFjMKNZygfMC8LsQ8LtpPsPxEJoXJx4M6tqi75Hajo,USDC,EPjFWdd5AufqSSqeM2qN1xzybapC8G4wEGGkZwyTDt1v,65118.55,561.63,6375.65,43147.25,2,0,2,1,2,400,20000
436,AD27ov5fVU2XzwsbvnFvb1JpCBaCB5dRXrczV9CqSVGb-EPjFWdd5AufqSSqeM2qN1xzybapC8G4wEGGkZwyTDt1v,REAL-USDC,REAL,AD27ov5fVU2XzwsbvnFvb1JpCBaCB5dRXrczV9CqSVGb,USDC,EPjFWdd5AufqSSqeM2qN1xzybapC8G4wEGGkZwyTDt1v,74045.44,545.95,12837.03,213457.26,2,0,2,1,2,400,20000
437,So11111111111111111111111111111111111111112-FR382Gv7RxrEb2q1MZkP9athyJC9rUBt8M2jKfyKpump,WSOL-Jarvis,WSOL,So11111111111111111111111111111111111111112,Jarvis,FR382Gv7RxrEb2q1MZkP9athyJC9rUBt8M2jKfyKpump,37126.02,545.81,5656.75,55212.13,1,3,4,1,2,400,20000
438,So11111111111111111111111111111111111111112-DqrcZRHM9JuCUhnLyaWF7rLLjxE5h3MbiG7iferUpump,WSOL-CATG,WSOL,So11111111111111111111111111111111111111112,CATG,DqrcZRHM9JuCUhnLyaWF7rLLjxE5h3MbiG7iferUpump,53698.87,536.5,4408.2,74287.27,2,15,17,1,2,400,20000
439,So11111111111111111111111111111111111111112-5gVSqhk41VA8U6U4Pvux6MSxFWqgptm3w58X9UTGpump,WSOL-ClubMoon,WSOL,So11111111111111111111111111111111111111112,ClubMoon,5gVSqhk41VA8U6U4Pvux6MSxFWqgptm3w58X9UTGpump,35889.16,522.36,7919.99,41168.86,3,0,3,1,2,400,20000
440,9cLx6w1fN6b67VxsGxaFaCTgQcNqsA51p4uMWdkgQqmC-So11111111111111111111111111111111111111112,BOYS-WSOL,BOYS,9cLx6w1fN6b67VxsGxaFaCTgQcNqsA51p4uMWdkgQqmC,WSOL,So11111111111111111111111111111111111111112,24678.55,503.99,11060.02,50497.98,2,0,2,1,2,400,20000
441,So11111111111111111111111111111111111111112-7yn2PRbB96TgcCkkMK4zD6vvMth6Co5B5Nma6XvPpump,WSOL-Thales,WSOL,So11111111111111111111111111111111111111112,Thales,7yn2PRbB96TgcCkkMK4zD6vvMth6Co5B5Nma6XvPpump,69504.13,498.87,13085.42,294302.48,2,8,10,1,2,400,20000
442,So11111111111111111111111111111111111111112-pepo1CFNU2RXf7yXX7HNXazXwxsq8WrPvDHpHriwoLY,WSOL-PEPO,WSOL,So11111111111111111111111111111111111111112,PEPO,pepo1CFNU2RXf7yXX7HNXazXwxsq8WrPvDHpHriwoLY,88171.31,485.63,7162.31,8002.88,3,3,6,1,2,400,20000
443,So11111111111111111111111111111111111111112-2xK7SDPUY1oCwch8G8guUPtTSGiAQCbZykR5Y4dCpump,WSOL-STONES,WSOL,So11111111111111111111111111111111111111112,STONES,2xK7SDPUY1oCwch8G8guUPtTSGiAQCbZykR5Y4dCpump,60793.18,468.96,15961.28,31758.12,2,0,2,1,2,400,20000
444,So11111111111111111111111111111111111111112-APoM2sXUzdRHTkUjXSsdUheX1wPPdP4HFLotmtRNMU8P,WSOL-rot,WSOL,So11111111111111111111111111111111111111112,rot,APoM2sXUzdRHTkUjXSsdUheX1wPPdP4HFLotmtRNMU8P,74282.14,468.59,7555.29,152433.86,1,7,8,1,2,400,20000
445,So11111111111111111111111111111111111111112-GVxCVNbMrnRFztSXMDFAheoN7JJdSTr1dTawrmwXPh2n,WSOL-MSTASH,WSOL,So11111111111111111111111111111111111111112,MSTASH,GVxCVNbMrnRFztSXMDFAheoN7JJdSTr1dTawrmwXPh2n,25365.67,457.6,6513.53,31620.43,2,0,2,1,2,400,20000
446,So11111111111111111111111111111111111111112-DECqp3qgUAarXoP2FssBnFXPsqtLhc5Y9UuvjxWMpump,WSOL-QFE,WSOL,So11111111111111111111111111111111111111112,QFE,DECqp3qgUAarXoP2FssBnFXPsqtLhc5Y9UuvjxWMpump,31022.7,445.67,8414.02,28804.46,1,11,12,1,2,400,20000
447,Bhu2wBWxfWkRJ6pFn5NodnEvMCqj9DLfCU5qMvt7pump-EPjFWdd5AufqSSqeM2qN1xzybapC8G4wEGGkZwyTDt1v,CHATOSHI-USDC,CHATOSHI,Bhu2wBWxfWkRJ6pFn5NodnEvMCqj9DLfCU5qMvt7pump,USDC,EPjFWdd5AufqSSqeM2qN1xzybapC8G4wEGGkZwyTDt1v,281261.74,416.29,5319.92,208153.14,3,0,3,1,2,400,20000
