No.,pair_name,display_pair_name,token_1_name,token_1_address,token_2_name,token_2_address,total_tvl,total_day_volume,total_week_volume,total_month_volume,raydium_pool_count,meteora_pool_count,sum_of_raydium_and_meteora_pool_count,required_raydium_pool_count,required_sum_of_raydium_and_meteora_pool_count,required_total_day_trade_volume,required_minimum_total_tvl
1,So11111111111111111111111111111111111111112-76PsEyML7UV9uiBDWMdG3itRRuupDuRs6nNpjNBpump,WSOL-PPCOIN,WSOL,So11111111111111111111111111111111111111112,PPCOIN,76PsEyML7UV9uiBDWMdG3itRRuupDuRs6nNpjNBpump,72004.35,404.1,20009.02,83498.69,1,4,5,1,2,400,20000
2,So11111111111111111111111111111111111111112-FuQASH8ps9NPeDu4h3rVtMBygKYoSiSTZ4uSiA5tpump,WSOL-Banana,WSOL,So11111111111111111111111111111111111111112,Banana,FuQASH8ps9NPeDu4h3rVtMBygKYoSiSTZ4uSiA5tpump,69843.05,418.89,6144.69,95834.56,2,0,2,1,2,400,20000
3,So11111111111111111111111111111111111111112-5G7xzLhXSrLaw8utPNAada8WPdQPZ4Dm6sddhuUckibr,WSOL-IBR,WSOL,So11111111111111111111111111111111111111112,IBR,5G7xzLhXSrLaw8utPNAada8WPdQPZ4Dm6sddhuUckibr,22062.42,433.15,6853.17,62477.29,2,0,2,1,2,400,20000
4,So11111111111111111111111111111111111111112-6xbPNG5m1PPJh8ts9B9zxeqgjkjkgdbxxJp8gJqpsEFK,WSOL-$BTC25,WSOL,So11111111111111111111111111111111111111112,$BTC25,6xbPNG5m1PPJh8ts9B9zxeqgjkjkgdbxxJp8gJqpsEFK,75121.05,442.59,3507.0,9589.9,2,0,2,1,2,400,20000
5,So11111111111111111111111111111111111111112-CXc5JcEJkFJUX6Mtrti7BXPUQrgL7oj23D6pUGG3cbeN,WSOL-CAT,WSOL,So11111111111111111111111111111111111111112,CAT,CXc5JcEJkFJUX6Mtrti7BXPUQrgL7oj23D6pUGG3cbeN,47621.59,453.6,39701.26,431668.37,2,0,2,1,2,400,20000
6,So11111111111111111111111111111111111111112-3UYS3XXYC9yWvNyBWFKqqb5w9YQfX65RQzoAKd8jEUCB,WSOL-WING,WSOL,So11111111111111111111111111111111111111112,WING,3UYS3XXYC9yWvNyBWFKqqb5w9YQfX65RQzoAKd8jEUCB,101728.42,460.77,22975.76,371367.5,3,0,3,1,2,400,20000
7,So11111111111111111111111111111111111111112-Agentfk87X48g37uPprEZaQtizDvnSQVeTqVjAtmbhd3,WSOL-$SOULS,WSOL,So11111111111111111111111111111111111111112,$SOULS,Agentfk87X48g37uPprEZaQtizDvnSQVeTqVjAtmbhd3,45450.06,470.64,4337.88,40385.61,1,7,8,1,2,400,20000
8,61y6rK1UkEnVdqF4sDMct9pwApEVp7G7TjSgzXd2GBN-So11111111111111111111111111111111111111112,SASSY-WSOL,SASSY,61y6rK1UkEnVdqF4sDMct9pwApEVp7G7TjSgzXd2GBN,WSOL,So11111111111111111111111111111111111111112,34257.39,485.81,4003.24,37198.12,2,0,2,1,2,400,20000
9,So11111111111111111111111111111111111111112-BgpmfuCZxrbvD6wrybrT7ztwtf8vwKW94kc39MAdpump,WSOL-REDnote,WSOL,So11111111111111111111111111111111111111112,REDnote,BgpmfuCZxrbvD6wrybrT7ztwtf8vwKW94kc39MAdpump,23073.34,491.63,16952.68,189333.97,2,0,2,1,2,400,20000
10,MEFNBXixkEbait3xn9bkm8WsJzXtVsaJEn4c8Sam21u-So11111111111111111111111111111111111111112,ME-WSOL,ME,MEFNBXixkEbait3xn9bkm8WsJzXtVsaJEn4c8Sam21u,WSOL,So11111111111111111111111111111111111111112,59016.95,523.55,10584.77,43999.14,2,59,61,1,2,400,20000
11,So11111111111111111111111111111111111111112-CWFa2nxUMf5d1WwKtG9FS9kjUKGwKXWSjH8hFdWspump,WSOL-PRO,WSOL,So11111111111111111111111111111111111111112,PRO,CWFa2nxUMf5d1WwKtG9FS9kjUKGwKXWSjH8hFdWspump,47212.56,546.15,18258.77,78189.75,1,6,7,1,2,400,20000
12,Cwe5k2iEy8dt7vCGY93GBrqQS4FWyac6pQjvjLcPD6qp-So11111111111111111111111111111111111111112,AROK-WSOL,AROK,Cwe5k2iEy8dt7vCGY93GBrqQS4FWyac6pQjvjLcPD6qp,WSOL,So11111111111111111111111111111111111111112,79529.15,557.15,6395.63,25999.18,2,0,2,1,2,400,20000
13,EUxS8Kqvbe8zDr8bG1RYtgjVNzEhMTG6B6H3WwrCHfwA-So11111111111111111111111111111111111111112,BIRDFLU-WSOL,BIRDFLU,EUxS8Kqvbe8zDr8bG1RYtgjVNzEhMTG6B6H3WwrCHfwA,WSOL,So11111111111111111111111111111111111111112,28550.13,567.96,19415.84,72294.89,2,0,2,1,2,400,20000
14,So11111111111111111111111111111111111111112-7yZFFUhq9ac7DY4WobLL539pJEUbMnQ5AGQQuuEMpump,WSOL-OBOT,WSOL,So11111111111111111111111111111111111111112,OBOT,7yZFFUhq9ac7DY4WobLL539pJEUbMnQ5AGQQuuEMpump,137915.31,580.35,10597.13,52067.11,1,11,12,1,2,400,20000
15,F23fFqpRNsmWjuUrFpfM1pvoVvMSpLuN6hY978Y1JXLt-So11111111111111111111111111111111111111112,USDCAT-WSOL,USDCAT,F23fFqpRNsmWjuUrFpfM1pvoVvMSpLuN6hY978Y1JXLt,WSOL,So11111111111111111111111111111111111111112,38053.79,588.3,4341.28,13901.9,1,3,4,1,2,400,20000
16,So11111111111111111111111111111111111111112-3fGoNjPohYRVPk9iJuwEW5WuURU5gmAdSRgNgeaanexQ,WSOL-KEYDOG,WSOL,So11111111111111111111111111111111111111112,KEYDOG,3fGoNjPohYRVPk9iJuwEW5WuURU5gmAdSRgNgeaanexQ,53518.03,598.49,11809.47,20466.37,2,3,5,1,2,400,20000
17,So11111111111111111111111111111111111111112-CVU6QRwpHz94UGyPFFehm1G1sFYRH7xDk9UhZ9RApump,WSOL-000,WSOL,So11111111111111111111111111111111111111112,000,CVU6QRwpHz94UGyPFFehm1G1sFYRH7xDk9UhZ9RApump,56327.87,598.94,5548.79,15880.51,1,4,5,1,2,400,20000
18,So11111111111111111111111111111111111111112-CwsQd329uL1ccxT3my2EJCEsciT1CUfk2BUmPF8Ppump,WSOL-DATAWITCH,WSOL,So11111111111111111111111111111111111111112,DATAWITCH,CwsQd329uL1ccxT3my2EJCEsciT1CUfk2BUmPF8Ppump,36639.56,623.24,4406.0,28588.8,1,7,8,1,2,400,20000
19,So11111111111111111111111111111111111111112-5SKLS8gvhJgAtmtmRr7SQg7NjoehutwK3vAzYPAYpump,WSOL-UPONLY,WSOL,So11111111111111111111111111111111111111112,UPONLY,5SKLS8gvhJgAtmtmRr7SQg7NjoehutwK3vAzYPAYpump,76690.68,639.55,29069.5,59582.29,1,8,9,1,2,400,20000
20,So11111111111111111111111111111111111111112-8TbsZ3yH1mBHytVpmMn4qED2UeF3FgWUVt1pd5RBpump,WSOL-CUR,WSOL,So11111111111111111111111111111111111111112,CUR,8TbsZ3yH1mBHytVpmMn4qED2UeF3FgWUVt1pd5RBpump,44680.86,657.92,23125.83,118964.32,1,6,7,1,2,400,20000
21,So11111111111111111111111111111111111111112-3s8x7TNPPcLiHGXNqg78b77uGyNqNKg5AyZm55Ftpump,WSOL-$Brokie ,WSOL,So11111111111111111111111111111111111111112,$Brokie ,3s8x7TNPPcLiHGXNqg78b77uGyNqNKg5AyZm55Ftpump,42736.36,685.09,8393.51,117875.31,2,0,2,1,2,400,20000
22,So11111111111111111111111111111111111111112-4Svy1p3ZvaRv46Nqg22wTWb5Ge425dEG1m2f8SM5pump,WSOL-REIGN,WSOL,So11111111111111111111111111111111111111112,REIGN,4Svy1p3ZvaRv46Nqg22wTWb5Ge425dEG1m2f8SM5pump,73646.07,758.66,7855.29,70917.34,2,0,2,1,2,400,20000
23,orairHM3Yw2PbTfCty1PXy7tEUx3uBMfjouNbm4KnRJ-So11111111111111111111111111111111111111112,JPOW-WSOL,JPOW,orairHM3Yw2PbTfCty1PXy7tEUx3uBMfjouNbm4KnRJ,WSOL,So11111111111111111111111111111111111111112,39541.28,780.02,15330.01,83248.78,2,0,2,1,2,400,20000
24,SAVEaeeqeXNKYb4Lyx28DkUms5gyZ76vGa6fCfdzWfK-EPjFWdd5AufqSSqeM2qN1xzybapC8G4wEGGkZwyTDt1v,SAVE-USDC,SAVE,SAVEaeeqeXNKYb4Lyx28DkUms5gyZ76vGa6fCfdzWfK,USDC,EPjFWdd5AufqSSqeM2qN1xzybapC8G4wEGGkZwyTDt1v,88114.07,796.9,16731.77,48664.94,2,4,6,1,2,400,20000
25,So11111111111111111111111111111111111111112-CXcWiHFDM1J8RHfAuzor1YGSk6BxGKFY5kstjUZjpump,WSOL-NGNF,WSOL,So11111111111111111111111111111111111111112,NGNF,CXcWiHFDM1J8RHfAuzor1YGSk6BxGKFY5kstjUZjpump,127353.3,812.14,8447.36,381581.77,3,0,3,1,2,400,20000
26,So11111111111111111111111111111111111111112-AKyVUXwrYPxnt9cf9EQUpRmty6yrW25d3R8R1YVepump,WSOL-LOLA,WSOL,So11111111111111111111111111111111111111112,LOLA,AKyVUXwrYPxnt9cf9EQUpRmty6yrW25d3R8R1YVepump,44702.47,818.47,1676.64,6273.47,1,12,13,1,2,400,20000
27,HfYFjMKNZygfMC8LsQ8LtpPsPxEJoXJx4M6tqi75Hajo-EPjFWdd5AufqSSqeM2qN1xzybapC8G4wEGGkZwyTDt1v,CWAR-USDC,CWAR,HfYFjMKNZygfMC8LsQ8LtpPsPxEJoXJx4M6tqi75Hajo,USDC,EPjFWdd5AufqSSqeM2qN1xzybapC8G4wEGGkZwyTDt1v,60472.0,833.34,4333.05,31420.0,2,0,2,1,2,400,20000
28,E1R4RF89GcKxz62DVfojxDJteLFFs8rtiXcGcrx5HbTj-EPjFWdd5AufqSSqeM2qN1xzybapC8G4wEGGkZwyTDt1v,$MATRIX-USDC,$MATRIX,E1R4RF89GcKxz62DVfojxDJteLFFs8rtiXcGcrx5HbTj,USDC,EPjFWdd5AufqSSqeM2qN1xzybapC8G4wEGGkZwyTDt1v,129401.59,846.41,23986.33,226453.34,2,0,2,1,2,400,20000
29,So11111111111111111111111111111111111111112-5qfGc1Xk3osixHTrsLNZ6KjrfzGWP8AuyYpkNs2q3cWn,WSOL-BITBOY,WSOL,So11111111111111111111111111111111111111112,BITBOY,5qfGc1Xk3osixHTrsLNZ6KjrfzGWP8AuyYpkNs2q3cWn,22561.9,861.66,6136.69,315406.26,1,9,10,1,2,400,20000
30,So11111111111111111111111111111111111111112-8PVFdKx7fX1FmmoASfTu5CUPEWuD1WY73Z24UTgCpump,WSOL-MPUP,WSOL,So11111111111111111111111111111111111111112,MPUP,8PVFdKx7fX1FmmoASfTu5CUPEWuD1WY73Z24UTgCpump,47803.54,899.44,13276.73,105051.27,1,4,5,1,2,400,20000
31,So11111111111111111111111111111111111111112-HKKagAnZBoJPWS4z5AZ5bErB7Uj6u2mkLo4ysD7mpump,WSOL-ANCHOVY,WSOL,So11111111111111111111111111111111111111112,ANCHOVY,HKKagAnZBoJPWS4z5AZ5bErB7Uj6u2mkLo4ysD7mpump,29364.2,907.77,31043.8,119864.06,2,0,2,1,2,400,20000
32,So11111111111111111111111111111111111111112-8CuPzHKuZQUyYbear8fi3u6iuTY652WVZT2cHZ2yeNbE,WSOL-EARN,WSOL,So11111111111111111111111111111111111111112,EARN,8CuPzHKuZQUyYbear8fi3u6iuTY652WVZT2cHZ2yeNbE,92808.05,908.77,3310.34,20797.37,3,0,3,1,2,400,20000
33,So11111111111111111111111111111111111111112-229vWzBTiUNdraYpVtSH9usTwwVxcyPDbBWf1zEPpump,WSOL-CALVIN,WSOL,So11111111111111111111111111111111111111112,CALVIN,229vWzBTiUNdraYpVtSH9usTwwVxcyPDbBWf1zEPpump,91908.72,914.97,9200.55,43592.26,1,3,4,1,2,400,20000
34,So11111111111111111111111111111111111111112-G6haJithfeUgSghVpu1rDPCq2NFiYcJFHNpHEANbpump,WSOL-RM9000,WSOL,So11111111111111111111111111111111111111112,RM9000,G6haJithfeUgSghVpu1rDPCq2NFiYcJFHNpHEANbpump,124101.74,921.57,101641.48,159251.5,1,8,9,1,2,400,20000
35,7dGbPgUxKpB5qWiLRKcTQSC3om1fPzUpgGAFfwej9hXx-So11111111111111111111111111111111111111112,GCR-WSOL,GCR,7dGbPgUxKpB5qWiLRKcTQSC3om1fPzUpgGAFfwej9hXx,WSOL,So11111111111111111111111111111111111111112,46589.55,944.31,5386.07,51036.49,1,10,11,1,2,400,20000
36,So11111111111111111111111111111111111111112-EnpGPwV8YLGM6Eqjy1ASXfA8MY7FhtSet44HivTnpump,WSOL-brokeguy,WSOL,So11111111111111111111111111111111111111112,brokeguy,EnpGPwV8YLGM6Eqjy1ASXfA8MY7FhtSet44HivTnpump,21903.64,960.53,11657.07,207478.91,2,0,2,1,2,400,20000
37,So11111111111111111111111111111111111111112-22Xeo6diWfJrScaoVFzgkwzrCByPukK45fdwkJyrpump,WSOL-Mustard,WSOL,So11111111111111111111111111111111111111112,Mustard,22Xeo6diWfJrScaoVFzgkwzrCByPukK45fdwkJyrpump,87649.55,962.61,19774.75,108544.45,1,11,12,1,2,400,20000
38,SCSuPPNUSypLBsV4darsrYNg4ANPgaGhKhsA3GmMyjz-So11111111111111111111111111111111111111112,SCS-WSOL,SCS,SCSuPPNUSypLBsV4darsrYNg4ANPgaGhKhsA3GmMyjz,WSOL,So11111111111111111111111111111111111111112,25573.64,967.8,6660.83,20975.66,1,9,10,1,2,400,20000
39,So11111111111111111111111111111111111111112-7t1T28iMh5GsW8oTMx52x3u3M3hDbaY8psbL3rZ6BMrn,WSOL-TrackedBio,WSOL,So11111111111111111111111111111111111111112,TrackedBio,7t1T28iMh5GsW8oTMx52x3u3M3hDbaY8psbL3rZ6BMrn,54094.9,975.17,2335.23,62723.9,2,6,8,1,2,400,20000
40,So11111111111111111111111111111111111111112-HswqmpB6is4ih9pPLNwYCFnG7YbAdwKvdZXW18aKpump,WSOL-SS,WSOL,So11111111111111111111111111111111111111112,SS,HswqmpB6is4ih9pPLNwYCFnG7YbAdwKvdZXW18aKpump,39530.27,988.68,5237.86,13505.76,1,6,7,1,2,400,20000
41,So11111111111111111111111111111111111111112-GVxCVNbMrnRFztSXMDFAheoN7JJdSTr1dTawrmwXPh2n,WSOL-MSTASH,WSOL,So11111111111111111111111111111111111111112,MSTASH,GVxCVNbMrnRFztSXMDFAheoN7JJdSTr1dTawrmwXPh2n,22220.49,1006.17,5670.41,22194.02,2,0,2,1,2,400,20000
42,So11111111111111111111111111111111111111112-8Cd7wXoPb5Yt9cUGtmHNqAEmpMDrhfcVqnGbLC48b8Qm,WSOL-LEO,WSOL,So11111111111111111111111111111111111111112,LEO,8Cd7wXoPb5Yt9cUGtmHNqAEmpMDrhfcVqnGbLC48b8Qm,40090.94,1027.78,5584.19,36787.23,2,0,2,1,2,400,20000
43,So11111111111111111111111111111111111111112-DcRHumYETnVKowMmDSXQ5RcGrFZFAnaqrQ1AZCHXpump,WSOL-VALUE,WSOL,So11111111111111111111111111111111111111112,VALUE,DcRHumYETnVKowMmDSXQ5RcGrFZFAnaqrQ1AZCHXpump,24832.33,1098.96,4314.42,36104.78,1,5,6,1,2,400,20000
44,So11111111111111111111111111111111111111112-3JsSsmGzjWDNe9XCw2L9vznC5JU9wSqQeB6ns5pAkPeE,WSOL-PISCES,WSOL,So11111111111111111111111111111111111111112,PISCES,3JsSsmGzjWDNe9XCw2L9vznC5JU9wSqQeB6ns5pAkPeE,34747.39,1121.73,5616.65,75550.68,2,0,2,1,2,400,20000
45,So11111111111111111111111111111111111111112-CmpuL8k9KY3NrpfDRoJrVmuwd1zRMFRUxX55avyGpump,WSOL-Jarvis,WSOL,So11111111111111111111111111111111111111112,Jarvis,CmpuL8k9KY3NrpfDRoJrVmuwd1zRMFRUxX55avyGpump,48694.76,1122.69,19700.38,159095.78,1,3,4,1,2,400,20000
46,So11111111111111111111111111111111111111112-HCq9orwso55TowciCZkD3Yb7c74iHYRGvQrubz4ppump,WSOL-SSEC,WSOL,So11111111111111111111111111111111111111112,SSEC,HCq9orwso55TowciCZkD3Yb7c74iHYRGvQrubz4ppump,43281.62,1213.77,93510.76,113245.99,2,0,2,1,2,400,20000
47,So11111111111111111111111111111111111111112-DwDtUqBZJtbRpdjsFw3N7YKB5epocSru25BGcVhfcYtg,WSOL-WORM,WSOL,So11111111111111111111111111111111111111112,WORM,DwDtUqBZJtbRpdjsFw3N7YKB5epocSru25BGcVhfcYtg,93874.28,1225.74,9483.83,55992.51,2,21,23,1,2,400,20000
48,So11111111111111111111111111111111111111112-5Wd2ALxQfnpgQKCyH4WL9giBiiuuLuJs84CJxfQccvmN,WSOL-speed,WSOL,So11111111111111111111111111111111111111112,speed,5Wd2ALxQfnpgQKCyH4WL9giBiiuuLuJs84CJxfQccvmN,80304.49,1237.15,9160.9,70873.25,1,7,8,1,2,400,20000
49,So11111111111111111111111111111111111111112-CwdjgD54hgTQChspxHhirWLQWqy3EsxtndrcpLBqpump,WSOL-GOBI,WSOL,So11111111111111111111111111111111111111112,GOBI,CwdjgD54hgTQChspxHhirWLQWqy3EsxtndrcpLBqpump,33726.0,1245.9,8963.65,27979.16,1,11,12,1,2,400,20000
50,So11111111111111111111111111111111111111112-2BuXJDuA8dnqUpytSpnyxNy9ymuchZFbWxFcsRgFpump,WSOL-Jail Milei,WSOL,So11111111111111111111111111111111111111112,Jail Milei,2BuXJDuA8dnqUpytSpnyxNy9ymuchZFbWxFcsRgFpump,25597.37,1265.53,31503.69,39351.68,2,7,9,1,2,400,20000
51,So11111111111111111111111111111111111111112-7wM4MnbsPsG95A3WhZgbrPWvMtydKmJjqKr2ZVJVpump,WSOL-NAVAL,WSOL,So11111111111111111111111111111111111111112,NAVAL,7wM4MnbsPsG95A3WhZgbrPWvMtydKmJjqKr2ZVJVpump,38656.61,1280.7,13427.08,91321.76,1,6,7,1,2,400,20000
52,So11111111111111111111111111111111111111112-4ytpZgVoNB66bFs6NRCUaAVsLdtYk2fHq4U92Jnjpump,WSOL-BTW,WSOL,So11111111111111111111111111111111111111112,BTW,4ytpZgVoNB66bFs6NRCUaAVsLdtYk2fHq4U92Jnjpump,103680.69,1306.15,4279.93,110615.23,2,0,2,1,2,400,20000
53,oraiJP7H3LAt57DkFXNLDbLdBFNRRPvS8jg2j5AZkd9-So11111111111111111111111111111111111111112,GNRT-WSOL,GNRT,oraiJP7H3LAt57DkFXNLDbLdBFNRRPvS8jg2j5AZkd9,WSOL,So11111111111111111111111111111111111111112,42564.86,1317.52,10149.13,26094.97,2,0,2,1,2,400,20000
54,So11111111111111111111111111111111111111112-4Qur8tvJG195EXmhsuPvpa3qmMiAugtbDaoGwVGV6oJD,WSOL-SKAI,WSOL,So11111111111111111111111111111111111111112,SKAI,4Qur8tvJG195EXmhsuPvpa3qmMiAugtbDaoGwVGV6oJD,42585.39,1320.74,2955.48,9089.13,1,7,8,1,2,400,20000
55,So11111111111111111111111111111111111111112-ELdqGtj2MhejZzudGfz7b798si2Av5Asuw9ryEQSpump,WSOL-SCARF,WSOL,So11111111111111111111111111111111111111112,SCARF,ELdqGtj2MhejZzudGfz7b798si2Av5Asuw9ryEQSpump,55054.14,1394.03,11458.47,100035.07,1,13,14,1,2,400,20000
56,So11111111111111111111111111111111111111112-CX9YDTED9TWgVXVoFy8JL9gSSAEWcTv4mzjLSv17LQsj,WSOL-DRUGS,WSOL,So11111111111111111111111111111111111111112,DRUGS,CX9YDTED9TWgVXVoFy8JL9gSSAEWcTv4mzjLSv17LQsj,39136.1,1440.95,14392.05,69352.21,3,0,3,1,2,400,20000
57,AVLhahDcDQ4m4vHM4ug63oh7xc8Jtk49Dm5hoe9Sazqr-EPjFWdd5AufqSSqeM2qN1xzybapC8G4wEGGkZwyTDt1v,SOLAMA-USDC,SOLAMA,AVLhahDcDQ4m4vHM4ug63oh7xc8Jtk49Dm5hoe9Sazqr,USDC,EPjFWdd5AufqSSqeM2qN1xzybapC8G4wEGGkZwyTDt1v,54355.53,1442.89,10712.83,36603.79,2,2,4,1,2,400,20000
58,So11111111111111111111111111111111111111112-FCzioYCxRXWbFAoG1pBmAsWXnEFdLLs5znH2azwjJ2fY,WSOL-🧛,WSOL,So11111111111111111111111111111111111111112,🧛,FCzioYCxRXWbFAoG1pBmAsWXnEFdLLs5znH2azwjJ2fY,30374.65,1482.46,5262.89,11818.03,3,0,3,1,2,400,20000
59,So11111111111111111111111111111111111111112-Fxm6tJ2khHbLVcSgnYUqg9FiBduVRLEvdQR67dvQ3eGp,WSOL-NAI,WSOL,So11111111111111111111111111111111111111112,NAI,Fxm6tJ2khHbLVcSgnYUqg9FiBduVRLEvdQR67dvQ3eGp,79085.18,1528.52,33089.03,105526.54,2,7,9,1,2,400,20000
60,MbetZheK6wDs22ftMat7PLiBtoXYBdrMHfpkKRihCYK-So11111111111111111111111111111111111111112,MBET-WSOL,MBET,MbetZheK6wDs22ftMat7PLiBtoXYBdrMHfpkKRihCYK,WSOL,So11111111111111111111111111111111111111112,92213.98,1545.27,10053.57,293523.69,3,0,3,1,2,400,20000
61,So11111111111111111111111111111111111111112-61yG5LCoeoqzBdopXPy6BsVPTGdRXht95L68hj5ipump,WSOL-SANDY,WSOL,So11111111111111111111111111111111111111112,SANDY,61yG5LCoeoqzBdopXPy6BsVPTGdRXht95L68hj5ipump,87256.05,1575.87,19347.98,233617.37,1,7,8,1,2,400,20000
62,So11111111111111111111111111111111111111112-9yNykgy7xvXv9ij8TapMjXREArGCREjY38KoFtASpump,WSOL-TSUBA,WSOL,So11111111111111111111111111111111111111112,TSUBA,9yNykgy7xvXv9ij8TapMjXREArGCREjY38KoFtASpump,40482.04,1598.95,11266.89,75513.94,3,3,6,1,2,400,20000
63,3FoUAsGDbvTD6YZ4wVKJgTB76onJUKz7GPEBNiR5b8wc-EPjFWdd5AufqSSqeM2qN1xzybapC8G4wEGGkZwyTDt1v,CHEEMS-USDC,CHEEMS,3FoUAsGDbvTD6YZ4wVKJgTB76onJUKz7GPEBNiR5b8wc,USDC,EPjFWdd5AufqSSqeM2qN1xzybapC8G4wEGGkZwyTDt1v,48100.63,1600.13,21486.42,40181.76,2,0,2,1,2,400,20000
64,6DSqVXg9WLTWgz6LACqxN757QdHe1sCqkUfojWmxWtok-So11111111111111111111111111111111111111112,CORN-WSOL,CORN,6DSqVXg9WLTWgz6LACqxN757QdHe1sCqkUfojWmxWtok,WSOL,So11111111111111111111111111111111111111112,72669.86,1635.43,12556.15,70106.67,1,5,6,1,2,400,20000
65,EWMfSJgDCE7CXDAYz3hbCaA7NsFHTnddySXx3shco2Hs-So11111111111111111111111111111111111111112,STASH-WSOL,STASH,EWMfSJgDCE7CXDAYz3hbCaA7NsFHTnddySXx3shco2Hs,WSOL,So11111111111111111111111111111111111111112,233749.38,1704.42,19078.16,71963.45,1,3,4,1,2,400,20000
66,So11111111111111111111111111111111111111112-28YzheH23A58kUGPpEvwyE4kh5iU4FQAHnsUxYY4SNtQ,WSOL-Idiot,WSOL,So11111111111111111111111111111111111111112,Idiot,28YzheH23A58kUGPpEvwyE4kh5iU4FQAHnsUxYY4SNtQ,21850.34,1710.78,62929.57,1090975.79,2,0,2,1,2,400,20000
67,So11111111111111111111111111111111111111112-BXNGghGbqrt2PcM3Y2Une5fD4kbU6VVSPC4uPjf8pump,WSOL-FYBN,WSOL,So11111111111111111111111111111111111111112,FYBN,BXNGghGbqrt2PcM3Y2Une5fD4kbU6VVSPC4uPjf8pump,182855.63,1739.55,13504.44,222937.06,3,0,3,1,2,400,20000
68,So11111111111111111111111111111111111111112-GnMkhejvQmjMfAwnrYfu1LN3AfheiSo6pD2WaBeRL648,WSOL-RIGHT,WSOL,So11111111111111111111111111111111111111112,RIGHT,GnMkhejvQmjMfAwnrYfu1LN3AfheiSo6pD2WaBeRL648,38079.46,1761.38,42447.27,245659.67,1,3,4,1,2,400,20000
69,8c71AvjQeKKeWRe8jtTGG1bJ2WiYXQdbjqFbUfhHgSVk-So11111111111111111111111111111111111111112,$GARY-WSOL,$GARY,8c71AvjQeKKeWRe8jtTGG1bJ2WiYXQdbjqFbUfhHgSVk,WSOL,So11111111111111111111111111111111111111112,144607.47,1818.18,17088.02,160378.38,3,0,3,1,2,400,20000
70,So11111111111111111111111111111111111111112-APoM2sXUzdRHTkUjXSsdUheX1wPPdP4HFLotmtRNMU8P,WSOL-rot,WSOL,So11111111111111111111111111111111111111112,rot,APoM2sXUzdRHTkUjXSsdUheX1wPPdP4HFLotmtRNMU8P,90386.13,1946.24,46456.58,151698.05,1,10,11,1,2,400,20000
71,So11111111111111111111111111111111111111112-5UmDWgyLV1JBg8Jr8NwyezXdQkiU3vHGJu2efm7Cpump,WSOL-AGENCY,WSOL,So11111111111111111111111111111111111111112,AGENCY,5UmDWgyLV1JBg8Jr8NwyezXdQkiU3vHGJu2efm7Cpump,66648.83,2002.89,33314.62,132129.26,1,7,8,1,2,400,20000
72,So11111111111111111111111111111111111111112-aSCcjVmMJttZQNYtzhFXmqmUiTm8xkJBggn4sj8pump,WSOL-ForexLens,WSOL,So11111111111111111111111111111111111111112,ForexLens,aSCcjVmMJttZQNYtzhFXmqmUiTm8xkJBggn4sj8pump,25790.57,2012.15,5247.46,37775.45,1,7,8,1,2,400,20000
73,So11111111111111111111111111111111111111112-BDW8YHasD3NSDjSHU9Xy6KXtshGayMGQfj5bJpLcpump,WSOL-HTERM,WSOL,So11111111111111111111111111111111111111112,HTERM,BDW8YHasD3NSDjSHU9Xy6KXtshGayMGQfj5bJpLcpump,74295.4,2014.6,76660.04,203983.12,1,13,14,1,2,400,20000
74,So11111111111111111111111111111111111111112-2aWos2YsA6YjN5DHX77diRUx7SKMg7H1U8hqL2N1iy5o,WSOL-GRFT,WSOL,So11111111111111111111111111111111111111112,GRFT,2aWos2YsA6YjN5DHX77diRUx7SKMg7H1U8hqL2N1iy5o,56042.31,2033.3,18267.28,158256.78,2,2,4,1,2,400,20000
75,So11111111111111111111111111111111111111112-54Ah6XTV7n27SuFa2sqyz7DSoRmVmFTbB6wbuzqPpump,WSOL-Terminus,WSOL,So11111111111111111111111111111111111111112,Terminus,54Ah6XTV7n27SuFa2sqyz7DSoRmVmFTbB6wbuzqPpump,31160.56,2077.12,5224.7,20009.74,2,0,2,1,2,400,20000
76,So11111111111111111111111111111111111111112-8NCievmJCg2d9Vc2TWgz2HkE6ANeSX7kwvdq5AL7pump,WSOL-BUNKER,WSOL,So11111111111111111111111111111111111111112,BUNKER,8NCievmJCg2d9Vc2TWgz2HkE6ANeSX7kwvdq5AL7pump,89168.89,2086.33,19434.11,128738.37,1,3,4,1,2,400,20000
77,So11111111111111111111111111111111111111112-E3enwdJowhDeRe3f7mMwAZGVkJ5aWEtPUGRusP2Jpump,WSOL-UNIPCS,WSOL,So11111111111111111111111111111111111111112,UNIPCS,E3enwdJowhDeRe3f7mMwAZGVkJ5aWEtPUGRusP2Jpump,23317.77,2146.24,15454.84,20208.1,2,0,2,1,2,400,20000
78,So11111111111111111111111111111111111111112-6tVZVjcppH2BZ9Xj5yFU1Zt34m2rYcyDqqpSeMDZpump,WSOL-miharu,WSOL,So11111111111111111111111111111111111111112,miharu,6tVZVjcppH2BZ9Xj5yFU1Zt34m2rYcyDqqpSeMDZpump,91495.42,2177.51,12553.75,165731.48,2,11,13,1,2,400,20000
79,So11111111111111111111111111111111111111112-HhUVkZ1qz8vfMqZDemLyxBFxrHFKVSYAk7a6227Lpump,WSOL-LI,WSOL,So11111111111111111111111111111111111111112,LI,HhUVkZ1qz8vfMqZDemLyxBFxrHFKVSYAk7a6227Lpump,220052.32,2192.88,37038.36,214968.57,2,8,10,1,2,400,20000
80,So11111111111111111111111111111111111111112-Fss7oX43YpNNWVnRZugZ1NcngR1j8Ar33Z2dLqYfpump,WSOL-RAPTOR,WSOL,So11111111111111111111111111111111111111112,RAPTOR,Fss7oX43YpNNWVnRZugZ1NcngR1j8Ar33Z2dLqYfpump,20864.02,2212.62,4307.4,13664.87,1,1,2,1,2,400,20000
81,So11111111111111111111111111111111111111112-BkVeSP2GsXV3AYoRJBSZTpFE8sXmcuGnRQcFgoWspump,WSOL-autism,WSOL,So11111111111111111111111111111111111111112,autism,BkVeSP2GsXV3AYoRJBSZTpFE8sXmcuGnRQcFgoWspump,119352.84,2290.5,45917.62,190475.69,2,8,10,1,2,400,20000
82,So11111111111111111111111111111111111111112-FABELyo4mGW399dBZJhMeD988o2hEPu3B3LNWtuW4ueN,WSOL-FABEL,WSOL,So11111111111111111111111111111111111111112,FABEL,FABELyo4mGW399dBZJhMeD988o2hEPu3B3LNWtuW4ueN,49638.55,2522.1,36883.82,505470.06,2,1,3,1,2,400,20000
83,So11111111111111111111111111111111111111112-GorvUUSkJGSzJUebM5W6berUkZ5pG8nmnn7tmk74pump,WSOL-ZAILGO,WSOL,So11111111111111111111111111111111111111112,ZAILGO,GorvUUSkJGSzJUebM5W6berUkZ5pG8nmnn7tmk74pump,182753.89,2527.94,43600.4,360867.64,2,12,14,1,2,400,20000
84,So11111111111111111111111111111111111111112-9UNqoPEXXxEnEphmyYsZYdL5dnmAUtdiKRUchpnUF5Ph,WSOL-$WHISKEY,WSOL,So11111111111111111111111111111111111111112,$WHISKEY,9UNqoPEXXxEnEphmyYsZYdL5dnmAUtdiKRUchpnUF5Ph,169297.94,2533.78,16373.99,93476.84,2,0,2,1,2,400,20000
85,So11111111111111111111111111111111111111112-Bx74hpFiaiBbSonrjyqxjGfAA7gRxM2CeKiy31uN6biR,WSOL-gomu,WSOL,So11111111111111111111111111111111111111112,gomu,Bx74hpFiaiBbSonrjyqxjGfAA7gRxM2CeKiy31uN6biR,92234.81,2544.04,23124.07,68722.01,1,10,11,1,2,400,20000
86,So11111111111111111111111111111111111111112-A6WCD9dzgpCpCofGG7boCN3jJitmBSoXS7tgZa4rGooD,WSOL-GOOD,WSOL,So11111111111111111111111111111111111111112,GOOD,A6WCD9dzgpCpCofGG7boCN3jJitmBSoXS7tgZa4rGooD,266706.56,2637.99,32865.98,277450.23,2,0,2,1,2,400,20000
87,So11111111111111111111111111111111111111112-HFw81sUUPBkNF5tKDanV8VCYTfVY4XbrEEPiwzyypump,WSOL-DUCKAI,WSOL,So11111111111111111111111111111111111111112,DUCKAI,HFw81sUUPBkNF5tKDanV8VCYTfVY4XbrEEPiwzyypump,70255.88,2677.84,21385.97,132855.05,2,2,4,1,2,400,20000
88,3psH1Mj1f7yUfaD5gh6Zj7epE8hhrMkMETgv5TshQA4o-So11111111111111111111111111111111111111112,boden-WSOL,boden,3psH1Mj1f7yUfaD5gh6Zj7epE8hhrMkMETgv5TshQA4o,WSOL,So11111111111111111111111111111111111111112,401837.36,2752.29,262670.44,652399.83,2,17,19,1,2,400,20000
89,So11111111111111111111111111111111111111112-3QGGLYLu251jE9Ra8jkGtuHb773xYciXeqqvUgNTGimE,WSOL-███,WSOL,So11111111111111111111111111111111111111112,███,3QGGLYLu251jE9Ra8jkGtuHb773xYciXeqqvUgNTGimE,27859.2,2757.05,11691.81,42167.42,4,0,4,1,2,400,20000
90,JDwzFSxcUvLubUb9xAuuZNvh4bbcEJcuM9TezpmRHVWF-So11111111111111111111111111111111111111112,doodoo-WSOL,doodoo,JDwzFSxcUvLubUb9xAuuZNvh4bbcEJcuM9TezpmRHVWF,WSOL,So11111111111111111111111111111111111111112,433677.88,2758.79,17824.86,58609.58,2,0,2,1,2,400,20000
91,So11111111111111111111111111111111111111112-DriFtupJYLTosbwoN8koMbEYSx54aFAVLddWsbksjwg7,WSOL-DRIFT,WSOL,So11111111111111111111111111111111111111112,DRIFT,DriFtupJYLTosbwoN8koMbEYSx54aFAVLddWsbksjwg7,24524.62,2848.8,26045.1,198281.08,1,20,21,1,2,400,20000
92,So11111111111111111111111111111111111111112-2qDstBuxtqWD2cC74QsMEpAFTHyTerructuG5TF9pump,WSOL-     ,WSOL,So11111111111111111111111111111111111111112,     ,2qDstBuxtqWD2cC74QsMEpAFTHyTerructuG5TF9pump,51652.77,2860.57,505355.1,799322.52,2,0,2,1,2,400,20000
93,So11111111111111111111111111111111111111112-8bdhP1UQMevciC9oJ7NrvgDfoW8XPXPfbkkm6vKtMS7N,WSOL-SPORE,WSOL,So11111111111111111111111111111111111111112,SPORE,8bdhP1UQMevciC9oJ7NrvgDfoW8XPXPfbkkm6vKtMS7N,217482.2,2887.85,31175.52,218313.33,2,13,15,1,2,400,20000
94,So11111111111111111111111111111111111111112-CPcf58MNikQw2G23kTVWQevRDeFDpdxMH7KkR7Lhpump,WSOL-DOBBY,WSOL,So11111111111111111111111111111111111111112,DOBBY,CPcf58MNikQw2G23kTVWQevRDeFDpdxMH7KkR7Lhpump,37044.44,2910.61,16205.62,54693.06,2,0,2,1,2,400,20000
95,Bhu2wBWxfWkRJ6pFn5NodnEvMCqj9DLfCU5qMvt7pump-EPjFWdd5AufqSSqeM2qN1xzybapC8G4wEGGkZwyTDt1v,CHATOSHI-USDC,CHATOSHI,Bhu2wBWxfWkRJ6pFn5NodnEvMCqj9DLfCU5qMvt7pump,USDC,EPjFWdd5AufqSSqeM2qN1xzybapC8G4wEGGkZwyTDt1v,293244.76,2940.44,51122.76,124568.79,3,0,3,1,2,400,20000
96,So11111111111111111111111111111111111111112-Cpzvdx6pppc9TNArsGsqgShCsKC9NCCjA2gtzHvUpump,WSOL-SVMAI,WSOL,So11111111111111111111111111111111111111112,SVMAI,Cpzvdx6pppc9TNArsGsqgShCsKC9NCCjA2gtzHvUpump,111527.97,2940.98,50265.87,770864.11,2,9,11,1,2,400,20000
97,So11111111111111111111111111111111111111112-DqrcZRHM9JuCUhnLyaWF7rLLjxE5h3MbiG7iferUpump,WSOL-CATG,WSOL,So11111111111111111111111111111111111111112,CATG,DqrcZRHM9JuCUhnLyaWF7rLLjxE5h3MbiG7iferUpump,52135.26,2957.02,28904.27,120126.4,2,18,20,1,2,400,20000
98,So11111111111111111111111111111111111111112-Em8WF6pg9FmKDy1dXkWhXxpgmfhj5Bes3ZCE8PCCJSHt,WSOL-SHRUB,WSOL,So11111111111111111111111111111111111111112,SHRUB,Em8WF6pg9FmKDy1dXkWhXxpgmfhj5Bes3ZCE8PCCJSHt,88840.55,3002.79,34768.87,293600.31,2,0,2,1,2,400,20000
99,So11111111111111111111111111111111111111112-F8tDt7QRAYicWQPK5LTh8kZR4zKJPdTiEq5dwCcVpump,WSOL-SENSUS,WSOL,So11111111111111111111111111111111111111112,SENSUS,F8tDt7QRAYicWQPK5LTh8kZR4zKJPdTiEq5dwCcVpump,86747.61,3019.95,42040.58,644183.06,1,3,4,1,2,400,20000
100,So11111111111111111111111111111111111111112-ES1KLhatf4uiDs4Gt5MJkNMCKdYzcwaJnKWt5fTn1ca2,WSOL-BBC,WSOL,So11111111111111111111111111111111111111112,BBC,ES1KLhatf4uiDs4Gt5MJkNMCKdYzcwaJnKWt5fTn1ca2,30259.4,3065.36,18259.05,70767.76,1,2,3,1,2,400,20000
101,So11111111111111111111111111111111111111112-92crE7qiX5T7VtiXhCeagfo1E81UtyguiXM7qCi7pump,WSOL-create,WSOL,So11111111111111111111111111111111111111112,create,92crE7qiX5T7VtiXhCeagfo1E81UtyguiXM7qCi7pump,70709.35,3066.8,5049.88,28439.56,2,5,7,1,2,400,20000
102,So11111111111111111111111111111111111111112-T1oYbAejEESrZLtSAjumAXhzFqZGNxQ4kVN9vPUoxMv,WSOL-$daumen,WSOL,So11111111111111111111111111111111111111112,$daumen,T1oYbAejEESrZLtSAjumAXhzFqZGNxQ4kVN9vPUoxMv,48570.59,3135.14,10528.37,22732.87,1,1,2,1,2,400,20000
103,So11111111111111111111111111111111111111112-2iygm3ZBu3YRDiJREMrZTLayffBJBShTrhEe9iyYpump,WSOL-UP,WSOL,So11111111111111111111111111111111111111112,UP,2iygm3ZBu3YRDiJREMrZTLayffBJBShTrhEe9iyYpump,29347.26,3254.45,21015.11,79588.18,2,0,2,1,2,400,20000
104,So11111111111111111111111111111111111111112-Fu4jQQpUnECSVQrVfeeVPpQpXQffM75LL328EJPtpump,WSOL-symx,WSOL,So11111111111111111111111111111111111111112,symx,Fu4jQQpUnECSVQrVfeeVPpQpXQffM75LL328EJPtpump,56328.3,3408.01,12844.16,86344.47,1,10,11,1,2,400,20000
105,So11111111111111111111111111111111111111112-7KuFdcfzbc3LLoRHNRWfW1dhbPNzuCv41hyYbfSUpump,WSOL-TDS,WSOL,So11111111111111111111111111111111111111112,TDS,7KuFdcfzbc3LLoRHNRWfW1dhbPNzuCv41hyYbfSUpump,56826.3,3633.69,9409.6,195777.38,2,9,11,1,2,400,20000
106,So11111111111111111111111111111111111111112-AbrMJWfDVRZ2EWCQ1xSCpoVeVgZNpq1U2AoYG98oRXfn,WSOL-Cheese,WSOL,So11111111111111111111111111111111111111112,Cheese,AbrMJWfDVRZ2EWCQ1xSCpoVeVgZNpq1U2AoYG98oRXfn,95644.62,3713.79,31843.97,456553.48,1,4,5,1,2,400,20000
107,So11111111111111111111111111111111111111112-GqmEdRD3zGUZdYPeuDeXxCc8Cj1DBmGSYK97TCwSpump,WSOL-e/acc,WSOL,So11111111111111111111111111111111111111112,e/acc,GqmEdRD3zGUZdYPeuDeXxCc8Cj1DBmGSYK97TCwSpump,162100.5,3784.2,395454.63,1296735.04,1,8,9,1,2,400,20000
108,So11111111111111111111111111111111111111112-jUpa2aDCzvdR9EF4fqDXmuyMUkonPTohphABLmRkRFj,WSOL-RIFT,WSOL,So11111111111111111111111111111111111111112,RIFT,jUpa2aDCzvdR9EF4fqDXmuyMUkonPTohphABLmRkRFj,290206.64,3975.93,14533.59,90519.31,3,16,19,1,2,400,20000
109,A2khRbhRJNrAEHj95htivC4cR4VbJwfssDH5FPPbP4m9-So11111111111111111111111111111111111111112,duk-WSOL,duk,A2khRbhRJNrAEHj95htivC4cR4VbJwfssDH5FPPbP4m9,WSOL,So11111111111111111111111111111111111111112,51116.44,4000.2,9302.0,23455.07,1,7,8,1,2,400,20000
110,So11111111111111111111111111111111111111112-CHVggq5Bu2UKLB1MQtLciDV3UKv5hwLkJwA14egApump,WSOL-momo,WSOL,So11111111111111111111111111111111111111112,momo,CHVggq5Bu2UKLB1MQtLciDV3UKv5hwLkJwA14egApump,65158.63,4009.95,77747.57,2414756.98,1,8,9,1,2,400,20000
111,So11111111111111111111111111111111111111112-Gv8mfuosgCKCj9tPs9VWS1GzETemr69Lnr2jwjbWpump,WSOL-HSM,WSOL,So11111111111111111111111111111111111111112,HSM,Gv8mfuosgCKCj9tPs9VWS1GzETemr69Lnr2jwjbWpump,49195.4,4077.11,37341.11,69752.98,1,15,16,1,2,400,20000
112,So11111111111111111111111111111111111111112-7RDvypx3p9EWq4nZZKux1ZQAc7DUWXpHTVKxCCnupump,WSOL-KNOT,WSOL,So11111111111111111111111111111111111111112,KNOT,7RDvypx3p9EWq4nZZKux1ZQAc7DUWXpHTVKxCCnupump,106154.7,4079.15,23238.16,127544.1,2,0,2,1,2,400,20000
113,So11111111111111111111111111111111111111112-BAezfVmia8UYLt4rst6PCU4dvL2i2qHzqn4wGhytpNJW,WSOL-Ainti,WSOL,So11111111111111111111111111111111111111112,Ainti,BAezfVmia8UYLt4rst6PCU4dvL2i2qHzqn4wGhytpNJW,246070.53,4236.25,136519.33,1471276.22,3,11,14,1,2,400,20000
114,9gwTegFJJErDpWJKjPfLr2g2zrE3nL1v5zpwbtsk3c6P-So11111111111111111111111111111111111111112,USEDCAR-WSOL,USEDCAR,9gwTegFJJErDpWJKjPfLr2g2zrE3nL1v5zpwbtsk3c6P,WSOL,So11111111111111111111111111111111111111112,161906.16,4342.91,67394.37,200077.39,2,3,5,1,2,400,20000
115,So11111111111111111111111111111111111111112-CXPLyc3EX8WySgEXLbjhuA7vy8EKQokVJYQuJm2jpump,WSOL-SENTAI,WSOL,So11111111111111111111111111111111111111112,SENTAI,CXPLyc3EX8WySgEXLbjhuA7vy8EKQokVJYQuJm2jpump,83838.05,4444.24,50310.87,291347.42,2,9,11,1,2,400,20000
116,ENoD8J2J6wNHkcJkvVBkwq5JMiR1oNBfBZRkoHCQogyT-So11111111111111111111111111111111111111112,AABL-WSOL,AABL,ENoD8J2J6wNHkcJkvVBkwq5JMiR1oNBfBZRkoHCQogyT,WSOL,So11111111111111111111111111111111111111112,60094.82,4466.4,30675.64,93660.22,1,4,5,1,2,400,20000
117,So11111111111111111111111111111111111111112-EmBBhcqgm2acaXv9dXQFyDZDkhL4YMoWnGdHaMQJpump,WSOL-BWT,WSOL,So11111111111111111111111111111111111111112,BWT,EmBBhcqgm2acaXv9dXQFyDZDkhL4YMoWnGdHaMQJpump,124076.46,4488.69,68853.4,585157.66,1,11,12,1,2,400,20000
118,So11111111111111111111111111111111111111112-HmAgiwjjP9CXqK5wQNsHKtjAt2CH3Kv8Q7xH5kGL2nqZ,WSOL-Barron,WSOL,So11111111111111111111111111111111111111112,Barron,HmAgiwjjP9CXqK5wQNsHKtjAt2CH3Kv8Q7xH5kGL2nqZ,129673.9,4597.45,35100.52,317307.51,2,0,2,1,2,400,20000
119,So11111111111111111111111111111111111111112-2KchKijPuwnwC92LPWVjFjRwB3WxKtzx9bbXZ7kRpump,WSOL-FUKU,WSOL,So11111111111111111111111111111111111111112,FUKU,2KchKijPuwnwC92LPWVjFjRwB3WxKtzx9bbXZ7kRpump,113175.48,4607.8,86269.71,348701.77,2,11,13,1,2,400,20000
120,So11111111111111111111111111111111111111112-FMhxJLNmbw6UVKN3ANDKhFdgdEgqJiUEDnBgtDW4pump,WSOL-JASPER,WSOL,So11111111111111111111111111111111111111112,JASPER,FMhxJLNmbw6UVKN3ANDKhFdgdEgqJiUEDnBgtDW4pump,57099.78,5209.53,17459.38,67237.73,1,11,12,1,2,400,20000
121,So11111111111111111111111111111111111111112-3u71eCa7bnL6h8WeAzoMtLVJN1TxwXpctHUNpqXUpump,WSOL-CHARLIE,WSOL,So11111111111111111111111111111111111111112,CHARLIE,3u71eCa7bnL6h8WeAzoMtLVJN1TxwXpctHUNpqXUpump,21380.82,5239.62,10039.67,10506.4,2,1,3,1,2,400,20000
122,So11111111111111111111111111111111111111112-AHdVQs56QpEEkRx6m8yiYYEiqM2sKjQxVd6mGH12pump,WSOL-FatCat,WSOL,So11111111111111111111111111111111111111112,FatCat,AHdVQs56QpEEkRx6m8yiYYEiqM2sKjQxVd6mGH12pump,177406.24,5321.77,40636.06,229444.82,2,0,2,1,2,400,20000
123,So11111111111111111111111111111111111111112-HhQhdSZNp6DvrxkPZLWMgHMGo9cxt9ZRrcAHc88spump,WSOL-AINARA,WSOL,So11111111111111111111111111111111111111112,AINARA,HhQhdSZNp6DvrxkPZLWMgHMGo9cxt9ZRrcAHc88spump,62751.58,5370.07,16533.87,101401.82,1,5,6,1,2,400,20000
124,So11111111111111111111111111111111111111112-3Rcc6tMyS7ZEa29dxV4g3J5StorS9J1dn98gd42pZTk1,WSOL-MIMANY,WSOL,So11111111111111111111111111111111111111112,MIMANY,3Rcc6tMyS7ZEa29dxV4g3J5StorS9J1dn98gd42pZTk1,81902.68,5376.71,17779.43,55965.14,2,9,11,1,2,400,20000
125,So11111111111111111111111111111111111111112-Ey59PH7Z4BFU4HjyKnyMdWt5GGN76KazTAwQihoUXRnk,WSOL-PASTERNAK,WSOL,So11111111111111111111111111111111111111112,PASTERNAK,Ey59PH7Z4BFU4HjyKnyMdWt5GGN76KazTAwQihoUXRnk,72198.87,5395.74,86388.09,1660928.52,2,0,2,1,2,400,20000
126,So11111111111111111111111111111111111111112-FwzpNxnabjZvc8QCnV6qPEBKxqLxSyjobc5Etdgxpump,WSOL-ALR,WSOL,So11111111111111111111111111111111111111112,ALR,FwzpNxnabjZvc8QCnV6qPEBKxqLxSyjobc5Etdgxpump,47552.3,5422.55,21653.12,103914.54,2,7,9,1,2,400,20000
127,So11111111111111111111111111111111111111112-BjjvKX5k7gQoGRmvQAA5WMr7EkQ2cirGTSGxAznDpump,WSOL-EARL,WSOL,So11111111111111111111111111111111111111112,EARL,BjjvKX5k7gQoGRmvQAA5WMr7EkQ2cirGTSGxAznDpump,42357.68,5451.76,7036.5,13336.7,1,11,12,1,2,400,20000
128,So11111111111111111111111111111111111111112-8cNmp9T2CMQRNZhNRoeSvr57LDf1kbZ42SvgsSWfpump,WSOL-JAIL,WSOL,So11111111111111111111111111111111111111112,JAIL,8cNmp9T2CMQRNZhNRoeSvr57LDf1kbZ42SvgsSWfpump,141992.52,5517.7,42111.53,420962.97,2,13,15,1,2,400,20000
129,So11111111111111111111111111111111111111112-Bw5K8eZaf361uDLHgX2UUn1PNfC7XtgQVvY9sSappump,WSOL-MANA,WSOL,So11111111111111111111111111111111111111112,MANA,Bw5K8eZaf361uDLHgX2UUn1PNfC7XtgQVvY9sSappump,150022.33,5520.54,57644.21,284470.4,2,12,14,1,2,400,20000
130,So11111111111111111111111111111111111111112-7AJ1KjzjstMnQGzZk1HAKx2atmvvRqWvmRbdYmnviryq,WSOL-XWH,WSOL,So11111111111111111111111111111111111111112,XWH,7AJ1KjzjstMnQGzZk1HAKx2atmvvRqWvmRbdYmnviryq,117547.53,5615.58,97786.56,292110.53,1,7,8,1,2,400,20000
131,So11111111111111111111111111111111111111112-9dLuVbJMd4ZpTpFgmaFHAGSsFwVjtcnzFWaLAA1expHg,WSOL-HEEHEE,WSOL,So11111111111111111111111111111111111111112,HEEHEE,9dLuVbJMd4ZpTpFgmaFHAGSsFwVjtcnzFWaLAA1expHg,169980.72,5718.28,49720.07,192670.28,3,0,3,1,2,400,20000
132,So11111111111111111111111111111111111111112-DHoadXCbf6TcadkcMGJ8kFRdDa2sXPQ1KrgodUDRpump,WSOL-CHIIKAWA,WSOL,So11111111111111111111111111111111111111112,CHIIKAWA,DHoadXCbf6TcadkcMGJ8kFRdDa2sXPQ1KrgodUDRpump,30573.51,5877.14,22891.43,87959.45,1,3,4,1,2,400,20000
133,So11111111111111111111111111111111111111112-2CsJHNyj74zK6Jaiq2UayPAXFEjmL5UKhpeLNaH45Fud,WSOL-GIZMO,WSOL,So11111111111111111111111111111111111111112,GIZMO,2CsJHNyj74zK6Jaiq2UayPAXFEjmL5UKhpeLNaH45Fud,100195.72,5939.08,55935.52,99307.36,2,2,4,1,2,400,20000
134,So11111111111111111111111111111111111111112-62mETtNRaVY5iNsJr5YexsbVg1uyyoLwtoWLSnjApump,WSOL-Stoic,WSOL,So11111111111111111111111111111111111111112,Stoic,62mETtNRaVY5iNsJr5YexsbVg1uyyoLwtoWLSnjApump,101276.2,5999.43,37341.81,370690.25,1,11,12,1,2,400,20000
135,So11111111111111111111111111111111111111112-GYKmdfcUmZVrqfcH1g579BGjuzSRijj3LBuwv79rpump,WSOL-wDOG,WSOL,So11111111111111111111111111111111111111112,wDOG,GYKmdfcUmZVrqfcH1g579BGjuzSRijj3LBuwv79rpump,225232.51,6086.07,52041.69,251992.1,2,20,22,1,2,400,20000
136,So11111111111111111111111111111111111111112-DL9sLSN488yMbots3wsbzHZ3UpKSkM42kr1y13CPpump,WSOL-Bob,WSOL,So11111111111111111111111111111111111111112,Bob,DL9sLSN488yMbots3wsbzHZ3UpKSkM42kr1y13CPpump,32814.0,6113.19,50783.09,62638.75,1,6,7,1,2,400,20000
137,8CkiSHHJDHJV4LUoiRMLUhqG58cUkbyJRtcP4Z3mCXNf-So11111111111111111111111111111111111111112,POWSCHE-WSOL,POWSCHE,8CkiSHHJDHJV4LUoiRMLUhqG58cUkbyJRtcP4Z3mCXNf,WSOL,So11111111111111111111111111111111111111112,97629.84,6124.64,90922.08,237306.01,1,2,3,1,2,400,20000
138,So11111111111111111111111111111111111111112-7d5uLATMiAoRC1n9yNc7VCrhx44H6bjEzDx7Gxuhpump,WSOL-SSR,WSOL,So11111111111111111111111111111111111111112,SSR,7d5uLATMiAoRC1n9yNc7VCrhx44H6bjEzDx7Gxuhpump,110459.55,6205.4,67084.3,945857.83,3,0,3,1,2,400,20000
139,So11111111111111111111111111111111111111112-AXGmqhcKcPC4bC7vNpxGtu5oEwoEEnyeQUdw9YwYWF1q,WSOL-URKO,WSOL,So11111111111111111111111111111111111111112,URKO,AXGmqhcKcPC4bC7vNpxGtu5oEwoEEnyeQUdw9YwYWF1q,41069.74,6236.52,45037.55,125695.37,3,0,3,1,2,400,20000
140,So11111111111111111111111111111111111111112-Gp8GVGPc8QCe4Jn6ryG5YKokG5bjKycATEzqpeyspump,WSOL-KEKE,WSOL,So11111111111111111111111111111111111111112,KEKE,Gp8GVGPc8QCe4Jn6ryG5YKokG5bjKycATEzqpeyspump,198045.24,6310.0,108170.71,596029.3,1,7,8,1,2,400,20000
141,GENEtH5amGSi8kHAtQoezp1XEXwZJ8vcuePYnXdKrMYz-EPjFWdd5AufqSSqeM2qN1xzybapC8G4wEGGkZwyTDt1v,GENE-USDC,GENE,GENEtH5amGSi8kHAtQoezp1XEXwZJ8vcuePYnXdKrMYz,USDC,EPjFWdd5AufqSSqeM2qN1xzybapC8G4wEGGkZwyTDt1v,25550.87,6421.77,32091.76,173643.43,1,3,4,1,2,400,20000
142,DeaKMzAeZja3Mh5okZE6WUvygLP3Lfuvm6Rg78HqXTz9-So11111111111111111111111111111111111111112,SOLNIC-WSOL,SOLNIC,DeaKMzAeZja3Mh5okZE6WUvygLP3Lfuvm6Rg78HqXTz9,WSOL,So11111111111111111111111111111111111111112,381125.0,6426.97,99371.21,834578.11,3,0,3,1,2,400,20000
143,So11111111111111111111111111111111111111112-3MyaQBG7y3SHLQZa282Jh2xtB2TZKHGzNp1CuZ4Cpump,WSOL-Qude,WSOL,So11111111111111111111111111111111111111112,Qude,3MyaQBG7y3SHLQZa282Jh2xtB2TZKHGzNp1CuZ4Cpump,119606.57,6488.16,54313.57,301799.29,2,11,13,1,2,400,20000
144,So11111111111111111111111111111111111111112-XANDuUoVoUqniKkpcKhrxmvYJybpJvUxJLr21Gaj3Hx,WSOL-XAND,WSOL,So11111111111111111111111111111111111111112,XAND,XANDuUoVoUqniKkpcKhrxmvYJybpJvUxJLr21Gaj3Hx,139267.21,6494.89,21574.9,75957.71,4,0,4,1,2,400,20000
145,So11111111111111111111111111111111111111112-Cg93SZJkHePybZqGDuyXLf5Ag5sB2cpWfHUG8wNPpump,WSOL-alpha,WSOL,So11111111111111111111111111111111111111112,alpha,Cg93SZJkHePybZqGDuyXLf5Ag5sB2cpWfHUG8wNPpump,87051.59,6510.1,27287.21,162967.98,1,8,9,1,2,400,20000
146,So11111111111111111111111111111111111111112-EfgEGG9PxLhyk1wqtqgGnwgfVC7JYic3vC9BCWLvpump,WSOL-GYAT,WSOL,So11111111111111111111111111111111111111112,GYAT,EfgEGG9PxLhyk1wqtqgGnwgfVC7JYic3vC9BCWLvpump,283275.36,6620.02,141559.68,1262438.51,2,16,18,1,2,400,20000
147,So11111111111111111111111111111111111111112-7uJrMsDN2Wxdc3VAq1iK9N5AHaTA7wUpbm1wqRonpump,WSOL-BETH,WSOL,So11111111111111111111111111111111111111112,BETH,7uJrMsDN2Wxdc3VAq1iK9N5AHaTA7wUpbm1wqRonpump,69273.08,6639.51,26117.66,579971.09,3,0,3,1,2,400,20000
148,GTH3wG3NErjwcf7VGCoXEXkgXSHvYhx5gtATeeM5JAS1-So11111111111111111111111111111111111111112,WHALES-WSOL,WHALES,GTH3wG3NErjwcf7VGCoXEXkgXSHvYhx5gtATeeM5JAS1,WSOL,So11111111111111111111111111111111111111112,319172.65,6656.12,52428.15,278120.58,1,2,3,1,2,400,20000
149,So11111111111111111111111111111111111111112-71AZt4P5kc5vpfTJR1HjNbMzD84G7vxam4DtL3kJpump,WSOL-blormmy,WSOL,So11111111111111111111111111111111111111112,blormmy,71AZt4P5kc5vpfTJR1HjNbMzD84G7vxam4DtL3kJpump,448433.52,6736.44,111920.12,1024875.44,1,9,10,1,2,400,20000
150,So11111111111111111111111111111111111111112-H33XL6HHDReCVRgSApZpsXM7Hy7JGyLztRJaGxjapump,WSOL-APPLE,WSOL,So11111111111111111111111111111111111111112,APPLE,H33XL6HHDReCVRgSApZpsXM7Hy7JGyLztRJaGxjapump,166937.71,6753.09,143243.71,622872.69,1,17,18,1,2,400,20000
151,So11111111111111111111111111111111111111112-ByXTsen3ftsd7SsqgXpSZqrEeoMV8Smhz1vox9j6pump,WSOL-SUCHIR,WSOL,So11111111111111111111111111111111111111112,SUCHIR,ByXTsen3ftsd7SsqgXpSZqrEeoMV8Smhz1vox9j6pump,102649.65,6793.85,195663.78,321402.16,1,16,17,1,2,400,20000
152,So11111111111111111111111111111111111111112-3t4yhNHfy5jZ9skJw9ZMRHvLJw1WUPouJ4TSxatTpump,WSOL-N2,WSOL,So11111111111111111111111111111111111111112,N2,3t4yhNHfy5jZ9skJw9ZMRHvLJw1WUPouJ4TSxatTpump,104243.42,6930.24,41245.52,525983.45,1,5,6,1,2,400,20000
153,GinNabffZL4fUj9Vactxha74GDAW8kDPGaHqMtMzps2f-So11111111111111111111111111111111111111112,GINNAN-WSOL,GINNAN,GinNabffZL4fUj9Vactxha74GDAW8kDPGaHqMtMzps2f,WSOL,So11111111111111111111111111111111111111112,139752.72,6978.68,70265.78,310318.28,2,8,10,1,2,400,20000
154,So11111111111111111111111111111111111111112-7xUV6YR3rZMfExPqZiovQSUxpnHxr2KJJqFg1bFrpump,WSOL-dGPU,WSOL,So11111111111111111111111111111111111111112,dGPU,7xUV6YR3rZMfExPqZiovQSUxpnHxr2KJJqFg1bFrpump,87861.37,7181.2,37087.43,229064.42,1,12,13,1,2,400,20000
155,So11111111111111111111111111111111111111112-RufNMBEbKJr6CM1t3nwakZ3BaE9csF2AR15s32VWcRE,WSOL-MIRA,WSOL,So11111111111111111111111111111111111111112,MIRA,RufNMBEbKJr6CM1t3nwakZ3BaE9csF2AR15s32VWcRE,123104.26,7348.12,20764.64,125806.41,2,19,21,1,2,400,20000
156,2Zaq3WyDJj2ZkMcuqUiTBfAXCjqZtqihxcwUdwv9dyHA-So11111111111111111111111111111111111111112,PEPE-WSOL,PEPE,2Zaq3WyDJj2ZkMcuqUiTBfAXCjqZtqihxcwUdwv9dyHA,WSOL,So11111111111111111111111111111111111111112,209907.56,7363.81,55039.44,258659.76,1,5,6,1,2,400,20000
157,piinKrjeiUVwhnXzsgNCV2aVGsBc4GwHQ9eCtkAgcTw-So11111111111111111111111111111111111111112,piin-WSOL,piin,piinKrjeiUVwhnXzsgNCV2aVGsBc4GwHQ9eCtkAgcTw,WSOL,So11111111111111111111111111111111111111112,75410.94,7369.22,91441.77,334557.38,3,0,3,1,2,400,20000
158,D2JGRcNqq1mLzyL4ruCb27pzYw8FF3nTK4hMz6GmMW56-So11111111111111111111111111111111111111112,🫃-WSOL,🫃,D2JGRcNqq1mLzyL4ruCb27pzYw8FF3nTK4hMz6GmMW56,WSOL,So11111111111111111111111111111111111111112,34936.6,7459.18,15677.21,34244.5,2,0,2,1,2,400,20000
159,So11111111111111111111111111111111111111112-9pnDLVWmWyccy6HhZKcCiwrQEBX1UHQ5ikKPo5xrpump,WSOL-THURSTON,WSOL,So11111111111111111111111111111111111111112,THURSTON,9pnDLVWmWyccy6HhZKcCiwrQEBX1UHQ5ikKPo5xrpump,45293.8,8095.21,42235.19,1072950.43,2,0,2,1,2,400,20000
160,So11111111111111111111111111111111111111112-7uCHQdxAz2ojRgEpXRHas1nJAeTTo9b7JWNgpXXi9D9p,WSOL-CATF,WSOL,So11111111111111111111111111111111111111112,CATF,7uCHQdxAz2ojRgEpXRHas1nJAeTTo9b7JWNgpXXi9D9p,67228.64,8313.18,44060.54,184919.88,1,10,11,1,2,400,20000
161,So11111111111111111111111111111111111111112-25p2BoNp6qrJH5As6ek6H7Ei495oSkyZd3tGb97sqFmH,WSOL-soba,WSOL,So11111111111111111111111111111111111111112,soba,25p2BoNp6qrJH5As6ek6H7Ei495oSkyZd3tGb97sqFmH,100761.05,8521.92,69706.04,521625.96,3,0,3,1,2,400,20000
162,So11111111111111111111111111111111111111112-CTgiaZUK12kCcB8sosn4Nt2NZtzLgtPqDwyQyr2syATC,WSOL-BITCOIN,WSOL,So11111111111111111111111111111111111111112,BITCOIN,CTgiaZUK12kCcB8sosn4Nt2NZtzLgtPqDwyQyr2syATC,194114.41,8682.72,115404.12,425028.21,1,4,5,1,2,400,20000
163,So11111111111111111111111111111111111111112-275FUEyp5o7TWo1dCDYJyprb4o2WBcxEQsvmt816pump,WSOL-AAA,WSOL,So11111111111111111111111111111111111111112,AAA,275FUEyp5o7TWo1dCDYJyprb4o2WBcxEQsvmt816pump,84085.26,8771.07,43691.54,494943.92,2,0,2,1,2,400,20000
164,So11111111111111111111111111111111111111112-5pPkhLEJDMFDHUuE1wW5os5YJeyNUDVmih1DKgMFpB38,WSOL-Oracler,WSOL,So11111111111111111111111111111111111111112,Oracler,5pPkhLEJDMFDHUuE1wW5os5YJeyNUDVmih1DKgMFpB38,116283.79,8885.19,80455.86,1604987.79,2,0,2,1,2,400,20000
165,So11111111111111111111111111111111111111112-9Yt5tHLFB2Uz1yg3cyEpTN4KTSWhiGpKxXPJ8HX3hat,WSOL-KWANT,WSOL,So11111111111111111111111111111111111111112,KWANT,9Yt5tHLFB2Uz1yg3cyEpTN4KTSWhiGpKxXPJ8HX3hat,74508.27,8924.36,107561.47,411316.97,1,6,7,1,2,400,20000
166,So11111111111111111111111111111111111111112-AshG5mHt4y4etsjhKFb2wA2rq1XZxKks1EPzcuXwpump,WSOL-Fullsend,WSOL,So11111111111111111111111111111111111111112,Fullsend,AshG5mHt4y4etsjhKFb2wA2rq1XZxKks1EPzcuXwpump,316306.93,8960.05,198911.95,2077842.23,2,16,18,1,2,400,20000
167,degod39zqQWzpG6h4b7SJLLTCFE6FeZnZD8BwHBFxaN-So11111111111111111111111111111111111111112,DEGOD-WSOL,DEGOD,degod39zqQWzpG6h4b7SJLLTCFE6FeZnZD8BwHBFxaN,WSOL,So11111111111111111111111111111111111111112,656410.59,9330.16,98593.19,465654.48,2,14,16,1,2,400,20000
168,poLisWXnNRwC6oBu1vHiuKQzFjGL4XDSu4g9qjz9qVk-EPjFWdd5AufqSSqeM2qN1xzybapC8G4wEGGkZwyTDt1v,POLIS-USDC,POLIS,poLisWXnNRwC6oBu1vHiuKQzFjGL4XDSu4g9qjz9qVk,USDC,EPjFWdd5AufqSSqeM2qN1xzybapC8G4wEGGkZwyTDt1v,46803.76,9551.76,88654.47,417265.69,1,2,3,1,2,400,20000
169,So11111111111111111111111111111111111111112-tqrRt3AsuGa3aYYSvABMDrPJEWVzpAnh3p6LxXGpump,WSOL-ponzi,WSOL,So11111111111111111111111111111111111111112,ponzi,tqrRt3AsuGa3aYYSvABMDrPJEWVzpAnh3p6LxXGpump,108151.83,9673.97,98983.59,769241.99,1,7,8,1,2,400,20000
170,So11111111111111111111111111111111111111112-ENTxR2RP8NtvhXzMNFCxE1HazzdV9x7SuZqGyAb4jdED,WSOL-ENT,WSOL,So11111111111111111111111111111111111111112,ENT,ENTxR2RP8NtvhXzMNFCxE1HazzdV9x7SuZqGyAb4jdED,261972.23,9679.09,35300.58,142252.12,4,0,4,1,2,400,20000
171,So11111111111111111111111111111111111111112-J2bUGZDxRDpsVfjZqKwn6yYCUKFmqzHgt8UajhGtpump,WSOL-∅,WSOL,So11111111111111111111111111111111111111112,∅,J2bUGZDxRDpsVfjZqKwn6yYCUKFmqzHgt8UajhGtpump,60135.76,9714.04,90263.19,543150.69,1,11,12,1,2,400,20000
172,HfMbPyDdZH6QMaDDUokjYCkHxzjoGBMpgaUvpLWGbF5p-So11111111111111111111111111111111111111112,PBTC-WSOL,PBTC,HfMbPyDdZH6QMaDDUokjYCkHxzjoGBMpgaUvpLWGbF5p,WSOL,So11111111111111111111111111111111111111112,213767.37,9850.74,108914.59,650068.59,2,12,14,1,2,400,20000
173,EPjFWdd5AufqSSqeM2qN1xzybapC8G4wEGGkZwyTDt1v-HAqD46mR4LgY3aJiMZSabfefZoysG3Uuj6wn2ZKYE14v,USDC-J1TFYI,USDC,EPjFWdd5AufqSSqeM2qN1xzybapC8G4wEGGkZwyTDt1v,J1TFYI,HAqD46mR4LgY3aJiMZSabfefZoysG3Uuj6wn2ZKYE14v,38856.89,10015.23,30828.42,124728.51,2,0,2,1,2,400,20000
174,So11111111111111111111111111111111111111112-2wUGjvMqXusgfzYP3Vj149bSM9MwTPLS4maxkdGfpump,WSOL-SOLENG,WSOL,So11111111111111111111111111111111111111112,SOLENG,2wUGjvMqXusgfzYP3Vj149bSM9MwTPLS4maxkdGfpump,66958.26,10221.62,47323.18,260113.27,1,3,4,1,2,400,20000
175,So11111111111111111111111111111111111111112-7UN8WkBumTUCofVPXCPjNWQ6msQhzrg9tFQRP48Nmw5V,WSOL-xencat,WSOL,So11111111111111111111111111111111111111112,xencat,7UN8WkBumTUCofVPXCPjNWQ6msQhzrg9tFQRP48Nmw5V,136319.99,10251.52,72448.24,259858.79,2,0,2,1,2,400,20000
176,So11111111111111111111111111111111111111112-G3EDZoS49NRVKP8X1HggHZJueJeR8d2izUHeXdV3pump,WSOL-ASSCOIN,WSOL,So11111111111111111111111111111111111111112,ASSCOIN,G3EDZoS49NRVKP8X1HggHZJueJeR8d2izUHeXdV3pump,135177.19,10319.38,117116.11,1054932.58,1,5,6,1,2,400,20000
177,So11111111111111111111111111111111111111112-Gh8yeA9vH5Fun7J6esFH3mV65cQTBpxk9Z5XpzU7pump,WSOL-RHUN,WSOL,So11111111111111111111111111111111111111112,RHUN,Gh8yeA9vH5Fun7J6esFH3mV65cQTBpxk9Z5XpzU7pump,76153.03,10518.89,25185.22,129641.08,1,7,8,1,2,400,20000
178,So11111111111111111111111111111111111111112-9nZ1a9EaJP5jBGH1oFvCS76FhXhAc4APHckkYa3eYcWY,WSOL-WEB,WSOL,So11111111111111111111111111111111111111112,WEB,9nZ1a9EaJP5jBGH1oFvCS76FhXhAc4APHckkYa3eYcWY,193115.3,10680.01,387813.44,387813.44,2,0,2,1,2,400,20000
179,So11111111111111111111111111111111111111112-DX1JSMFtirJmxWoLjSLvTYXSUfG5EELn638vA7pgJNGL,WSOL-JNGL,WSOL,So11111111111111111111111111111111111111112,JNGL,DX1JSMFtirJmxWoLjSLvTYXSUfG5EELn638vA7pgJNGL,47668.62,11145.7,319167.97,347295.97,2,2,4,1,2,400,20000
180,So11111111111111111111111111111111111111112-7b36cKRYFZsMp3vLByVwfVQxW2ndcYth5rhPnyypump,WSOL-PINO,WSOL,So11111111111111111111111111111111111111112,PINO,7b36cKRYFZsMp3vLByVwfVQxW2ndcYth5rhPnyypump,284366.07,11211.51,268470.43,1189227.74,1,21,22,1,2,400,20000
181,So11111111111111111111111111111111111111112-5gVSqhk41VA8U6U4Pvux6MSxFWqgptm3w58X9UTGpump,WSOL-ClubMoon,WSOL,So11111111111111111111111111111111111111112,ClubMoon,5gVSqhk41VA8U6U4Pvux6MSxFWqgptm3w58X9UTGpump,48326.58,11382.81,16747.56,50375.62,3,0,3,1,2,400,20000
182,E2BGnzHdJNUBtAVR7EyQMuEMHqgv65JL8J9ZyqyXUVvA-So11111111111111111111111111111111111111112,CHINA-WSOL,CHINA,E2BGnzHdJNUBtAVR7EyQMuEMHqgv65JL8J9ZyqyXUVvA,WSOL,So11111111111111111111111111111111111111112,85197.3,11600.02,160944.49,262248.52,1,6,7,1,2,400,20000
183,So11111111111111111111111111111111111111112-FLJYGHpCCcfYUdzhcfHSeSd2peb5SMajNWaCsRnhpump,WSOL-STORE,WSOL,So11111111111111111111111111111111111111112,STORE,FLJYGHpCCcfYUdzhcfHSeSd2peb5SMajNWaCsRnhpump,184741.52,11852.88,154271.36,1174582.38,1,6,7,1,2,400,20000
184,So11111111111111111111111111111111111111112-3an8rhdepsLCya22af7qDBKPbdomw8K4iCHXaA2Gpump,WSOL-Quant,WSOL,So11111111111111111111111111111111111111112,Quant,3an8rhdepsLCya22af7qDBKPbdomw8K4iCHXaA2Gpump,337611.33,11997.57,191628.04,2815300.14,2,12,14,1,2,400,20000
185,So11111111111111111111111111111111111111112-8tSeXYSXzFvaDX1nbWrEFFaFuPHuWqpzksKYxQPvpump,WSOL-VIBE,WSOL,So11111111111111111111111111111111111111112,VIBE,8tSeXYSXzFvaDX1nbWrEFFaFuPHuWqpzksKYxQPvpump,161717.9,12416.48,85738.86,511084.17,3,6,9,1,2,400,20000
186,So11111111111111111111111111111111111111112-F7Hwf8ib5DVCoiuyGr618Y3gon429Rnd1r5F9R5upump,WSOL-WORK,WSOL,So11111111111111111111111111111111111111112,WORK,F7Hwf8ib5DVCoiuyGr618Y3gon429Rnd1r5F9R5upump,103539.76,12449.4,78059.26,266061.51,1,13,14,1,2,400,20000
187,So11111111111111111111111111111111111111112-89S9RdgynPq5odSRmcCDAzg26iYuRw4wqUmzMbjUpump,WSOL-EKKO,WSOL,So11111111111111111111111111111111111111112,EKKO,89S9RdgynPq5odSRmcCDAzg26iYuRw4wqUmzMbjUpump,95933.75,12517.58,180275.44,1069384.72,1,6,7,1,2,400,20000
188,So11111111111111111111111111111111111111112-2q8Y8rubbsaaA3faq8Ytsk382JXgtKdn23qjNXhSpump,WSOL-ROSS,WSOL,So11111111111111111111111111111111111111112,ROSS,2q8Y8rubbsaaA3faq8Ytsk382JXgtKdn23qjNXhSpump,330410.29,12608.12,394221.89,557993.78,4,14,18,1,2,400,20000
189,AhhdRu5YZdjVkKR3wbnUDaymVQL2ucjMQ63sZ3LFHsch-EPjFWdd5AufqSSqeM2qN1xzybapC8G4wEGGkZwyTDt1v,VCHF-USDC,VCHF,AhhdRu5YZdjVkKR3wbnUDaymVQL2ucjMQ63sZ3LFHsch,USDC,EPjFWdd5AufqSSqeM2qN1xzybapC8G4wEGGkZwyTDt1v,241016.99,12815.95,435883.49,1215061.51,1,3,4,1,2,400,20000
190,MM8o3Sk58NufoS8Zds7MYTC1LcStfCaqinN5T2pdNtp-So11111111111111111111111111111111111111112,ETFS-WSOL,ETFS,MM8o3Sk58NufoS8Zds7MYTC1LcStfCaqinN5T2pdNtp,WSOL,So11111111111111111111111111111111111111112,107022.83,13000.65,65724.82,414955.36,5,0,5,1,2,400,20000
191,So11111111111111111111111111111111111111112-CTJf74cTo3cw8acFP1YXF3QpsQUUBGBjh2k2e8xsZ6UL,WSOL-Neiro,WSOL,So11111111111111111111111111111111111111112,Neiro,CTJf74cTo3cw8acFP1YXF3QpsQUUBGBjh2k2e8xsZ6UL,431275.55,13031.61,95703.01,624053.09,2,25,27,1,2,400,20000
192,So11111111111111111111111111111111111111112-FLqmVrv6cp7icjobpRMQJMEyjF3kF84QmC4HXpySpump,WSOL-BUCK,WSOL,So11111111111111111111111111111111111111112,BUCK,FLqmVrv6cp7icjobpRMQJMEyjF3kF84QmC4HXpySpump,336475.21,13258.95,219109.59,2407257.47,2,13,15,1,2,400,20000
193,So11111111111111111111111111111111111111112-6QSVGUEyBZWRshnXKhS96NQ97vGWiTu61SyHLAbYpump,WSOL-KACY,WSOL,So11111111111111111111111111111111111111112,KACY,6QSVGUEyBZWRshnXKhS96NQ97vGWiTu61SyHLAbYpump,132977.73,13529.65,56901.89,272745.73,1,16,17,1,2,400,20000
194,So11111111111111111111111111111111111111112-GwyqKHAyUxUxbJx4Zny48CeDsAd7wY7XWPzzpdXysVnL,WSOL-HOTEL,WSOL,So11111111111111111111111111111111111111112,HOTEL,GwyqKHAyUxUxbJx4Zny48CeDsAd7wY7XWPzzpdXysVnL,29626.71,13678.72,1178359.24,1320728.35,1,2,3,1,2,400,20000
195,So11111111111111111111111111111111111111112-7ZCm8WBN9aLa3o47SoYctU6iLdj7wkGG5SV2hE5CgtD5,WSOL-ELON,WSOL,So11111111111111111111111111111111111111112,ELON,7ZCm8WBN9aLa3o47SoYctU6iLdj7wkGG5SV2hE5CgtD5,103403.16,13696.49,711275.57,13907182.43,2,0,2,1,2,400,20000
196,So11111111111111111111111111111111111111112-5DQSDg6SGkbsbykq4mQstpcL4d5raEHc6rY7LgBwpump,WSOL-lou,WSOL,So11111111111111111111111111111111111111112,lou,5DQSDg6SGkbsbykq4mQstpcL4d5raEHc6rY7LgBwpump,233638.1,13864.15,222021.72,1410492.56,1,16,17,1,2,400,20000
197,5e41GfrQwTP74LgGt6WP9kw6xa1jQhAERCjnFKf74y52-So11111111111111111111111111111111111111112,VHS -WSOL,VHS ,5e41GfrQwTP74LgGt6WP9kw6xa1jQhAERCjnFKf74y52,WSOL,So11111111111111111111111111111111111111112,143426.74,13915.78,64283.57,167710.55,1,9,10,1,2,400,20000
198,3TWgDvYBL2YPET2LxnWAwsMeoA8aL4DutNuwat2pKCjC-So11111111111111111111111111111111111111112,KHAI-WSOL,KHAI,3TWgDvYBL2YPET2LxnWAwsMeoA8aL4DutNuwat2pKCjC,WSOL,So11111111111111111111111111111111111111112,195391.78,14120.67,74804.43,507121.08,3,12,15,1,2,400,20000
199,So11111111111111111111111111111111111111112-AaWVpk6eZbgBfVbq1UfXw3EXBmAvw4QXov1xHuG7pump,WSOL-TrenchAI,WSOL,So11111111111111111111111111111111111111112,TrenchAI,AaWVpk6eZbgBfVbq1UfXw3EXBmAvw4QXov1xHuG7pump,123403.7,14126.16,73732.21,370114.69,2,17,19,1,2,400,20000
200,So11111111111111111111111111111111111111112-AATECgWF4KjALbpgUXjabqFKHmdtjWdfdFNzCH3ipump,WSOL-ITMT,WSOL,So11111111111111111111111111111111111111112,ITMT,AATECgWF4KjALbpgUXjabqFKHmdtjWdfdFNzCH3ipump,116300.95,14325.48,80684.63,281537.38,1,3,4,1,2,400,20000
201,So11111111111111111111111111111111111111112-EWWDzCwq4UYW3ERTXbdgd6X6sdkKHFMJqRz1ZiFcpump,WSOL-FATHA,WSOL,So11111111111111111111111111111111111111112,FATHA,EWWDzCwq4UYW3ERTXbdgd6X6sdkKHFMJqRz1ZiFcpump,156502.64,14841.42,386464.35,468283.97,3,0,3,1,2,400,20000
202,So11111111111111111111111111111111111111112-4AdDFsG1xzz1L7zKGo2fbiqv256Z92u8uCcJCgYuTBLo,WSOL-TJRM,WSOL,So11111111111111111111111111111111111111112,TJRM,4AdDFsG1xzz1L7zKGo2fbiqv256Z92u8uCcJCgYuTBLo,181407.08,14915.84,171460.96,671212.09,4,0,4,1,2,400,20000
203,Av6qVigkb7USQyPXJkUvAEm4f599WTRvd75PUWBA9eNm-So11111111111111111111111111111111111111112,COST-WSOL,COST,Av6qVigkb7USQyPXJkUvAEm4f599WTRvd75PUWBA9eNm,WSOL,So11111111111111111111111111111111111111112,184279.96,14954.73,65010.05,157840.23,2,0,2,1,2,400,20000
204,26KMQVgDUoB6rEfnJ51yAABWWJND8uMtpnQgsHQ64Udr-So11111111111111111111111111111111111111112,HAMMY-WSOL,HAMMY,26KMQVgDUoB6rEfnJ51yAABWWJND8uMtpnQgsHQ64Udr,WSOL,So11111111111111111111111111111111111111112,251828.65,15071.86,133223.42,488696.77,1,21,22,1,2,400,20000
205,So11111111111111111111111111111111111111112-KFTSxPQxDV1wGjEvzKHWD7mG6e9TsMVq4eF4mQppump,WSOL-Duo,WSOL,So11111111111111111111111111111111111111112,Duo,KFTSxPQxDV1wGjEvzKHWD7mG6e9TsMVq4eF4mQppump,167106.69,15172.6,225888.45,1924314.07,2,14,16,1,2,400,20000
206,AVLhahDcDQ4m4vHM4ug63oh7xc8Jtk49Dm5hoe9Sazqr-So11111111111111111111111111111111111111112,SOLAMA-WSOL,SOLAMA,AVLhahDcDQ4m4vHM4ug63oh7xc8Jtk49Dm5hoe9Sazqr,WSOL,So11111111111111111111111111111111111111112,330296.03,15227.42,111992.38,505400.91,2,3,5,1,2,400,20000
207,7JA5eZdCzztSfQbJvS8aVVxMFfd81Rs9VvwnocV1mKHu-EPjFWdd5AufqSSqeM2qN1xzybapC8G4wEGGkZwyTDt1v,GEOD-USDC,GEOD,7JA5eZdCzztSfQbJvS8aVVxMFfd81Rs9VvwnocV1mKHu,USDC,EPjFWdd5AufqSSqeM2qN1xzybapC8G4wEGGkZwyTDt1v,1455456.35,15340.85,595084.67,1627995.39,2,3,5,1,2,400,20000
208,7fb49Wrtx5xksfzGxsa8Y1zV1CCyeimmysGYKkirzCUm-EPjFWdd5AufqSSqeM2qN1xzybapC8G4wEGGkZwyTDt1v,DAILYBET-USDC,DAILYBET,7fb49Wrtx5xksfzGxsa8Y1zV1CCyeimmysGYKkirzCUm,USDC,EPjFWdd5AufqSSqeM2qN1xzybapC8G4wEGGkZwyTDt1v,227826.27,15419.1,108263.64,659052.07,2,0,2,1,2,400,20000
209,So11111111111111111111111111111111111111112-7M3gDRgozcumFsiTeXwjB8cYxpg7Q9R7rH7rkw2Fpump,WSOL-CRIME,WSOL,So11111111111111111111111111111111111111112,CRIME,7M3gDRgozcumFsiTeXwjB8cYxpg7Q9R7rH7rkw2Fpump,91122.88,15439.86,71934.41,165472.33,1,4,5,1,2,400,20000
210,So11111111111111111111111111111111111111112-4BBjpGwLgGmUxtT82YFK9xMhcvyy3zgf3HpxTRip1YoU,WSOL-Mundi,WSOL,So11111111111111111111111111111111111111112,Mundi,4BBjpGwLgGmUxtT82YFK9xMhcvyy3zgf3HpxTRip1YoU,244166.05,15866.15,88769.1,312260.88,2,0,2,1,2,400,20000
211,Faf89929Ni9fbg4gmVZTca7eW6NFg877Jqn6MizT3Gvw-So11111111111111111111111111111111111111112,WOLF-WSOL,WOLF,Faf89929Ni9fbg4gmVZTca7eW6NFg877Jqn6MizT3Gvw,WSOL,So11111111111111111111111111111111111111112,390623.32,15872.54,109506.06,520781.83,2,0,2,1,2,400,20000
212,So11111111111111111111111111111111111111112-G8Vy25NzjRmuQtnN35xF7j3X2Z1TrV39XijZu8Mg4w8n,WSOL-COOK,WSOL,So11111111111111111111111111111111111111112,COOK,G8Vy25NzjRmuQtnN35xF7j3X2Z1TrV39XijZu8Mg4w8n,100397.61,16051.77,790462.44,885275.48,2,0,2,1,2,400,20000
213,So11111111111111111111111111111111111111112-FFgfStKwuF3DSxEeogA69FNkPrkb7XDA5Tw29TBEpump,WSOL-GNZ,WSOL,So11111111111111111111111111111111111111112,GNZ,FFgfStKwuF3DSxEeogA69FNkPrkb7XDA5Tw29TBEpump,32519.22,16863.95,146652.01,243804.6,1,11,12,1,2,400,20000
214,So11111111111111111111111111111111111111112-8vBMibwpn8wpfYKbQ9xqzodymg3LjmYec2tSNGRy23K8,WSOL-HYPER,WSOL,So11111111111111111111111111111111111111112,HYPER,8vBMibwpn8wpfYKbQ9xqzodymg3LjmYec2tSNGRy23K8,268570.4,16920.7,566400.45,1807661.86,2,15,17,1,2,400,20000
215,HQ7DaoiUxzC2K1Dr7KXRHccNtXvEYgNvoUextXe8dmBh-So11111111111111111111111111111111111111112,SLOTH-WSOL,SLOTH,HQ7DaoiUxzC2K1Dr7KXRHccNtXvEYgNvoUextXe8dmBh,WSOL,So11111111111111111111111111111111111111112,859010.81,17327.68,366936.79,1714210.91,2,0,2,1,2,400,20000
216,FYa25XnBsXQXAdTnsyKBKd5gZ1VZhChBRF57CqfRxJZX-So11111111111111111111111111111111111111112,monk-WSOL,monk,FYa25XnBsXQXAdTnsyKBKd5gZ1VZhChBRF57CqfRxJZX,WSOL,So11111111111111111111111111111111111111112,156799.02,17382.45,64643.01,164882.09,2,8,10,1,2,400,20000
217,9EYScpiysGnEimnQPzazr7Jn9GVfxFYzgTEj85hV9L6U-So11111111111111111111111111111111111111112,tooker-WSOL,tooker,9EYScpiysGnEimnQPzazr7Jn9GVfxFYzgTEj85hV9L6U,WSOL,So11111111111111111111111111111111111111112,159956.06,17403.49,73667.23,200624.38,3,0,3,1,2,400,20000
218,So11111111111111111111111111111111111111112-AnGzGiQ6ddzdqWDuWy6vmibqDv8rsT2QKhcgDrwTpump,WSOL-GAYCOIN,WSOL,So11111111111111111111111111111111111111112,GAYCOIN,AnGzGiQ6ddzdqWDuWy6vmibqDv8rsT2QKhcgDrwTpump,96664.42,17409.32,212119.21,303006.64,1,10,11,1,2,400,20000
219,So11111111111111111111111111111111111111112-ts3foLrNUMvwdVeit1oNeLWjYk7e4qsn8PqSsqRpump,WSOL-ANTIRUG,WSOL,So11111111111111111111111111111111111111112,ANTIRUG,ts3foLrNUMvwdVeit1oNeLWjYk7e4qsn8PqSsqRpump,132427.87,17436.74,124662.19,756299.36,2,10,12,1,2,400,20000
220,So11111111111111111111111111111111111111112-62CsquahdQ3J286G9UTqV6whxryfihdV4yg7kSJnpump,WSOL-BGG1,WSOL,So11111111111111111111111111111111111111112,BGG1,62CsquahdQ3J286G9UTqV6whxryfihdV4yg7kSJnpump,187457.09,17902.3,65914.57,327008.77,1,15,16,1,2,400,20000
221,So11111111111111111111111111111111111111112-8WnQQRbuEZ3CCDbH5MCVioBbw6o75NKANq9WdPhBDsWo,WSOL-coby,WSOL,So11111111111111111111111111111111111111112,coby,8WnQQRbuEZ3CCDbH5MCVioBbw6o75NKANq9WdPhBDsWo,126404.68,18438.83,52938.33,293913.35,2,16,18,1,2,400,20000
222,So11111111111111111111111111111111111111112-7JA5eZdCzztSfQbJvS8aVVxMFfd81Rs9VvwnocV1mKHu,WSOL-GEOD,WSOL,So11111111111111111111111111111111111111112,GEOD,7JA5eZdCzztSfQbJvS8aVVxMFfd81Rs9VvwnocV1mKHu,192552.17,18723.07,388669.6,1197989.98,1,2,3,1,2,400,20000
223,So11111111111111111111111111111111111111112-3vJenGaGsuKG5shPhi7rjnuy3MV6xjmBTGjYqYzXpump,WSOL-RAT,WSOL,So11111111111111111111111111111111111111112,RAT,3vJenGaGsuKG5shPhi7rjnuy3MV6xjmBTGjYqYzXpump,109394.3,19127.25,92290.42,147612.02,2,0,2,1,2,400,20000
224,ATLASXmbPQxBUYbxPsV97usA3fPQYEqzQBUHgiFCUsXx-EPjFWdd5AufqSSqeM2qN1xzybapC8G4wEGGkZwyTDt1v,ATLAS-USDC,ATLAS,ATLASXmbPQxBUYbxPsV97usA3fPQYEqzQBUHgiFCUsXx,USDC,EPjFWdd5AufqSSqeM2qN1xzybapC8G4wEGGkZwyTDt1v,122938.22,19294.18,314316.44,1303061.66,3,5,8,1,2,400,20000
225,So11111111111111111111111111111111111111112-9m3nh7YDoF1WSYpNxCjKVU8D1MrXsWRic4HqRaTdcTYB,WSOL-EIC,WSOL,So11111111111111111111111111111111111111112,EIC,9m3nh7YDoF1WSYpNxCjKVU8D1MrXsWRic4HqRaTdcTYB,52656.04,19347.03,222735.75,9748813.89,1,6,7,1,2,400,20000
226,So11111111111111111111111111111111111111112-6TcoT3vcexjsMuuLvS9DhBUrVVcoqBMHEppQGQLMpump,WSOL-BNTY,WSOL,So11111111111111111111111111111111111111112,BNTY,6TcoT3vcexjsMuuLvS9DhBUrVVcoqBMHEppQGQLMpump,135290.9,19489.57,159115.82,519166.61,1,9,10,1,2,400,20000
227,So11111111111111111111111111111111111111112-8tdzC7mFKhmfPg3KdSBafHqH7jgi3CvKomfj3Hhupump,WSOL-TgMetrics,WSOL,So11111111111111111111111111111111111111112,TgMetrics,8tdzC7mFKhmfPg3KdSBafHqH7jgi3CvKomfj3Hhupump,62166.04,20088.09,83196.13,385864.88,2,0,2,1,2,400,20000
228,So11111111111111111111111111111111111111112-EBGaJP7srpUUN8eRdta1MsojrNtweuHYsdP3P1TRpump,WSOL-REALIS,WSOL,So11111111111111111111111111111111111111112,REALIS,EBGaJP7srpUUN8eRdta1MsojrNtweuHYsdP3P1TRpump,332092.36,20221.32,342177.39,2094921.11,2,12,14,1,2,400,20000
229,So11111111111111111111111111111111111111112-EmhVWGUa2Q9PN4QjzFjvuVyzFKg4s3ERwjKR9dQDpump,WSOL-DTF,WSOL,So11111111111111111111111111111111111111112,DTF,EmhVWGUa2Q9PN4QjzFjvuVyzFKg4s3ERwjKR9dQDpump,184582.59,20290.43,174787.83,764485.2,2,5,7,1,2,400,20000
230,So11111111111111111111111111111111111111112-3HfLqhtF5hR5dyBXh6BMtRaTm9qzStvEGuMa8Gx6pump,WSOL-buidl,WSOL,So11111111111111111111111111111111111111112,buidl,3HfLqhtF5hR5dyBXh6BMtRaTm9qzStvEGuMa8Gx6pump,192895.94,20762.36,192473.33,1604873.98,2,3,5,1,2,400,20000
231,So11111111111111111111111111111111111111112-BEgBsVSKJSxreiCE1XmWWq8arnwit7xDqQXSWYgay9xP,WSOL-WYAC,WSOL,So11111111111111111111111111111111111111112,WYAC,BEgBsVSKJSxreiCE1XmWWq8arnwit7xDqQXSWYgay9xP,203078.12,20902.52,62308.17,210504.34,1,12,13,1,2,400,20000
232,So11111111111111111111111111111111111111112-5qsZAnWuR7vMJbiznrJEY2ddVqZXjNYmFvR3eXSxpump,WSOL-Focai,WSOL,So11111111111111111111111111111111111111112,Focai,5qsZAnWuR7vMJbiznrJEY2ddVqZXjNYmFvR3eXSxpump,55743.87,21054.97,150185.4,398483.37,2,11,13,1,2,400,20000
233,So11111111111111111111111111111111111111112-79yTpy8uwmAkrdgZdq6ZSBTvxKsgPrNqTLvYQBh1pump,WSOL-BULLY,WSOL,So11111111111111111111111111111111111111112,BULLY,79yTpy8uwmAkrdgZdq6ZSBTvxKsgPrNqTLvYQBh1pump,393467.79,21181.0,191898.8,1136094.79,1,22,23,1,2,400,20000
234,So11111111111111111111111111111111111111112-4HBQm2EhdpUWZkTYxttxNDnsoWi5beRAGWHpjVo8pump,WSOL-CAT,WSOL,So11111111111111111111111111111111111111112,CAT,4HBQm2EhdpUWZkTYxttxNDnsoWi5beRAGWHpjVo8pump,150786.11,21661.49,148500.02,2451182.55,2,0,2,1,2,400,20000
235,So11111111111111111111111111111111111111112-GACpABn18xqiSJbD9ZEyArJDT9RHRMUut5nK9Z9Spump,WSOL-TRENCH,WSOL,So11111111111111111111111111111111111111112,TRENCH,GACpABn18xqiSJbD9ZEyArJDT9RHRMUut5nK9Z9Spump,143506.29,21754.33,168534.46,565391.58,1,4,5,1,2,400,20000
236,So11111111111111111111111111111111111111112-GxdTh6udNstGmLLk9ztBb6bkrms7oLbrJp5yzUaVpump,WSOL-scihub,WSOL,So11111111111111111111111111111111111111112,scihub,GxdTh6udNstGmLLk9ztBb6bkrms7oLbrJp5yzUaVpump,268352.34,21783.67,237276.26,2022546.46,2,8,10,1,2,400,20000
237,madHpjRn6bd8t78Rsy7NuSuNwWa2HU8ByPobZprHbHv-So11111111111111111111111111111111111111112,MAD-WSOL,MAD,madHpjRn6bd8t78Rsy7NuSuNwWa2HU8ByPobZprHbHv,WSOL,So11111111111111111111111111111111111111112,366907.09,22389.01,235546.24,1264284.35,2,0,2,1,2,400,20000
238,So11111111111111111111111111111111111111112-EqeEBGHQhQy6SqeaJcnqAsNs3qaG19sdF89Xsarpump,WSOL-TRUST,WSOL,So11111111111111111111111111111111111111112,TRUST,EqeEBGHQhQy6SqeaJcnqAsNs3qaG19sdF89Xsarpump,222059.63,22576.94,97136.37,415593.7,2,8,10,1,2,400,20000
239,So11111111111111111111111111111111111111112-7iagMTDPfNSR5zVcERT1To7A9eaQoz58dJAh42EMHcCC,WSOL-YAKUB,WSOL,So11111111111111111111111111111111111111112,YAKUB,7iagMTDPfNSR5zVcERT1To7A9eaQoz58dJAh42EMHcCC,154373.85,22829.89,98828.39,308299.96,2,0,2,1,2,400,20000
240,So11111111111111111111111111111111111111112-DNMTk67urDBxEEVRx9HjVzCVu8en4Kgg5HfZy3E6pump,WSOL-ASYM,WSOL,So11111111111111111111111111111111111111112,ASYM,DNMTk67urDBxEEVRx9HjVzCVu8en4Kgg5HfZy3E6pump,144467.63,22854.66,133910.56,795036.7,1,7,8,1,2,400,20000
241,SENDdRQtYMWaQrBroBrJ2Q53fgVuq95CV9UPGEvpCxa-So11111111111111111111111111111111111111112,SEND-WSOL,SEND,SENDdRQtYMWaQrBroBrJ2Q53fgVuq95CV9UPGEvpCxa,WSOL,So11111111111111111111111111111111111111112,131155.98,23503.95,256401.47,850371.05,1,28,29,1,2,400,20000
242,So11111111111111111111111111111111111111112-7yn2PRbB96TgcCkkMK4zD6vvMth6Co5B5Nma6XvPpump,WSOL-Thales,WSOL,So11111111111111111111111111111111111111112,Thales,7yn2PRbB96TgcCkkMK4zD6vvMth6Co5B5Nma6XvPpump,53434.74,23838.48,206754.93,453152.27,2,8,10,1,2,400,20000
243,So11111111111111111111111111111111111111112-9psiRdn9cXYVps4F1kFuoNjd2EtmqNJXrCPmRppJpump,WSOL-UBC,WSOL,So11111111111111111111111111111111111111112,UBC,9psiRdn9cXYVps4F1kFuoNjd2EtmqNJXrCPmRppJpump,255490.13,24000.05,216704.78,728799.08,2,14,16,1,2,400,20000
244,So11111111111111111111111111111111111111112-4ELGifwr2jHtEaFZUXXvQLAYiE6W5bvpWYZbJTRSpump,WSOL-TTG,WSOL,So11111111111111111111111111111111111111112,TTG,4ELGifwr2jHtEaFZUXXvQLAYiE6W5bvpWYZbJTRSpump,172951.33,24417.46,280977.57,4503392.43,2,5,7,1,2,400,20000
245,So11111111111111111111111111111111111111112-A3vBwL3Pd6nkBqVo87D6TLWYG4ekWuDeqCoLFeyvRMcb,WSOL-SUMMIT,WSOL,So11111111111111111111111111111111111111112,SUMMIT,A3vBwL3Pd6nkBqVo87D6TLWYG4ekWuDeqCoLFeyvRMcb,138134.85,24643.95,114742.34,483924.72,2,0,2,1,2,400,20000
246,So11111111111111111111111111111111111111112-Foot4fxy8CHxM37W8BeHwK6aLd8VH2yHTFu43KCxbCqc,WSOL-BIG,WSOL,So11111111111111111111111111111111111111112,BIG,Foot4fxy8CHxM37W8BeHwK6aLd8VH2yHTFu43KCxbCqc,233085.5,24803.16,431766.47,1236879.56,3,0,3,1,2,400,20000
247,So11111111111111111111111111111111111111112-4JFcUJ1HfFKz2F8thdu2frk558EjrLvKEmeMq1ZM2xBP,WSOL-VNTR,WSOL,So11111111111111111111111111111111111111112,VNTR,4JFcUJ1HfFKz2F8thdu2frk558EjrLvKEmeMq1ZM2xBP,252899.71,24914.67,208985.48,3298587.85,2,0,2,1,2,400,20000
248,So11111111111111111111111111111111111111112-FViMp5phQH2bX81S7Yyn1yXjj3BRddFBNcMCbTH8FCze,WSOL-$TOAD,WSOL,So11111111111111111111111111111111111111112,$TOAD,FViMp5phQH2bX81S7Yyn1yXjj3BRddFBNcMCbTH8FCze,212308.64,25041.42,162944.9,1046802.68,3,0,3,1,2,400,20000
249,So11111111111111111111111111111111111111112-5ZMUboLJUeneKouqrqu4jeLE68vX68ehE5qprV3Upump,WSOL-TIRED,WSOL,So11111111111111111111111111111111111111112,TIRED,5ZMUboLJUeneKouqrqu4jeLE68vX68ehE5qprV3Upump,179206.8,25779.04,188369.05,2075584.92,2,0,2,1,2,400,20000
250,So11111111111111111111111111111111111111112-2G8LH53fcr3aCrEsmAo73eunbZRbyjKrGH5qmur6pump,WSOL-supercycle,WSOL,So11111111111111111111111111111111111111112,supercycle,2G8LH53fcr3aCrEsmAo73eunbZRbyjKrGH5qmur6pump,139873.83,26183.68,242679.49,625391.9,2,0,2,1,2,400,20000
251,So11111111111111111111111111111111111111112-SonicxvLud67EceaEzCLRnMTBqzYUUYNr93DBkBdDES,WSOL-SONIC,WSOL,So11111111111111111111111111111111111111112,SONIC,SonicxvLud67EceaEzCLRnMTBqzYUUYNr93DBkBdDES,49855.56,27160.15,392184.51,2466809.59,3,34,37,1,2,400,20000
252,So11111111111111111111111111111111111111112-73UdJevxaNKXARgkvPHQGKuv8HCZARszuKW2LTL3pump,WSOL-ZARA,WSOL,So11111111111111111111111111111111111111112,ZARA,73UdJevxaNKXARgkvPHQGKuv8HCZARszuKW2LTL3pump,183756.2,27190.54,142633.6,722620.91,1,14,15,1,2,400,20000
253,KQijDbNJ6rPCqhtXrfH6gKa5cH3a39At8vHq34nnPbF-So11111111111111111111111111111111111111112,DOGE-WSOL,DOGE,KQijDbNJ6rPCqhtXrfH6gKa5cH3a39At8vHq34nnPbF,WSOL,So11111111111111111111111111111111111111112,180404.06,27331.96,259450.07,598578.24,2,0,2,1,2,400,20000
254,So11111111111111111111111111111111111111112-9So52ugZh2BLBT3f7p61947q91uQh2DyvbfyMDeRpump,WSOL-MUSKIT,WSOL,So11111111111111111111111111111111111111112,MUSKIT,9So52ugZh2BLBT3f7p61947q91uQh2DyvbfyMDeRpump,208378.31,28289.7,180236.73,2919890.25,2,8,10,1,2,400,20000
255,So11111111111111111111111111111111111111112-7M9KJcPNC65ShLDmJmTNhVFcuY95Y1VMeYngKgt67D1t,WSOL-r/snoofi,WSOL,So11111111111111111111111111111111111111112,r/snoofi,7M9KJcPNC65ShLDmJmTNhVFcuY95Y1VMeYngKgt67D1t,155240.26,28449.72,79403.83,487906.83,2,20,22,1,2,400,20000
256,So11111111111111111111111111111111111111112-8vCAUbxejdtaxn6jnX5uaQTyTZLmXALg9u1bvFCAjtx7,WSOL-ZACK,WSOL,So11111111111111111111111111111111111111112,ZACK,8vCAUbxejdtaxn6jnX5uaQTyTZLmXALg9u1bvFCAjtx7,180401.18,28893.1,89395.44,229400.24,2,0,2,1,2,400,20000
257,KMNo3nJsBXfcpJTVhZcXLW7RmTwTt4GVFE7suUBo9sS-So11111111111111111111111111111111111111112,KMNO-WSOL,KMNO,KMNo3nJsBXfcpJTVhZcXLW7RmTwTt4GVFE7suUBo9sS,WSOL,So11111111111111111111111111111111111111112,149172.32,29321.23,102229.59,1410293.44,2,16,18,1,2,400,20000
258,So11111111111111111111111111111111111111112-8YiB8B43EwDeSx5Jp91VQjgBU4mfCgVvyNahadtzpump,WSOL-Y2K,WSOL,So11111111111111111111111111111111111111112,Y2K,8YiB8B43EwDeSx5Jp91VQjgBU4mfCgVvyNahadtzpump,262144.95,29378.27,421331.75,2340243.69,1,6,7,1,2,400,20000
259,So11111111111111111111111111111111111111112-7oBYdEhV4GkXC19ZfgAvXpJWp2Rn9pm1Bx2cVNxFpump,WSOL-CAR,WSOL,So11111111111111111111111111111111111111112,CAR,7oBYdEhV4GkXC19ZfgAvXpJWp2Rn9pm1Bx2cVNxFpump,736516.64,29518.1,287653.0,1525971.94,3,27,30,1,2,400,20000
260,So11111111111111111111111111111111111111112-8CzPPqenpfRXvjE5DHfE3kMDgJhHwWZ1WXRzs44KsamW,WSOL-YAPSTER,WSOL,So11111111111111111111111111111111111111112,YAPSTER,8CzPPqenpfRXvjE5DHfE3kMDgJhHwWZ1WXRzs44KsamW,299135.34,30471.23,276058.83,707748.11,2,5,7,1,2,400,20000
261,So11111111111111111111111111111111111111112-GMzuntWYJLpNuCizrSR7ZXggiMdDzTNiEmSNHHunpump,WSOL-dreams,WSOL,So11111111111111111111111111111111111111112,dreams,GMzuntWYJLpNuCizrSR7ZXggiMdDzTNiEmSNHHunpump,305323.94,31028.61,306643.38,1781519.23,2,7,9,1,2,400,20000
262,AZsHEMXd36Bj1EMNXhowJajpUXzrKcK57wW4ZGXVa7yR-EPjFWdd5AufqSSqeM2qN1xzybapC8G4wEGGkZwyTDt1v,GUAC-USDC,GUAC,AZsHEMXd36Bj1EMNXhowJajpUXzrKcK57wW4ZGXVa7yR,USDC,EPjFWdd5AufqSSqeM2qN1xzybapC8G4wEGGkZwyTDt1v,281674.73,31269.57,254002.4,821805.93,2,8,10,1,2,400,20000
263,So11111111111111111111111111111111111111112-5SRer48NRfmhsut1n4ZwSAVUJAErNjdKcXTMVaxdpump,WSOL-GARY,WSOL,So11111111111111111111111111111111111111112,GARY,5SRer48NRfmhsut1n4ZwSAVUJAErNjdKcXTMVaxdpump,111905.83,31317.99,152430.84,536283.42,1,2,3,1,2,400,20000
264,So11111111111111111111111111111111111111112-WEmjxPMGXEW1Nvc4rCgRKiWHj1H1tvhPsKMw2yvpump,WSOL-DIGIMON,WSOL,So11111111111111111111111111111111111111112,DIGIMON,WEmjxPMGXEW1Nvc4rCgRKiWHj1H1tvhPsKMw2yvpump,160831.71,33029.82,220897.35,750055.05,1,9,10,1,2,400,20000
265,So11111111111111111111111111111111111111112-3MadWqcN9cSrULn8ikDnan9mF3znoQmBPXtVy6BfSTDB,WSOL-GrokCoin,WSOL,So11111111111111111111111111111111111111112,GrokCoin,3MadWqcN9cSrULn8ikDnan9mF3znoQmBPXtVy6BfSTDB,136588.49,33139.67,315393.18,6934084.04,1,18,19,1,2,400,20000
266,85cQsFgbi8mBZxiPppbpPXuV7j1hA8tBwhjF4gKW6mHg-So11111111111111111111111111111111111111112,Rizzmas-WSOL,Rizzmas,85cQsFgbi8mBZxiPppbpPXuV7j1hA8tBwhjF4gKW6mHg,WSOL,So11111111111111111111111111111111111111112,312530.09,33311.52,246248.81,1516936.08,2,15,17,1,2,400,20000
267,Kruj63Qx9EQX9QzukLCBgx5g9AGW69gPDsSK25FRZAi-So11111111111111111111111111111111111111112,KRAI-WSOL,KRAI,Kruj63Qx9EQX9QzukLCBgx5g9AGW69gPDsSK25FRZAi,WSOL,So11111111111111111111111111111111111111112,205945.53,33907.11,185210.84,864405.48,2,0,2,1,2,400,20000
268,So11111111111111111111111111111111111111112-6n7Janary9fqzxKaJVrhL9TG2F61VbAtwUMu1YZscaQS,WSOL-Hobbes,WSOL,So11111111111111111111111111111111111111112,Hobbes,6n7Janary9fqzxKaJVrhL9TG2F61VbAtwUMu1YZscaQS,144845.49,34239.93,149448.25,238910.29,1,12,13,1,2,400,20000
269,So11111111111111111111111111111111111111112-8fJCtfbuAaFzdwTnQP84nNhSpZdVy4Uc929eXZRBN8H4,WSOL-PHRZ,WSOL,So11111111111111111111111111111111111111112,PHRZ,8fJCtfbuAaFzdwTnQP84nNhSpZdVy4Uc929eXZRBN8H4,1025195.67,34368.16,232930.13,1351293.93,3,1,4,1,2,400,20000
270,So11111111111111111111111111111111111111112-5XUUN5z1yBPEwoLztu4qMenmFe6GQnZptBFsnFnEpump,WSOL-WAVE,WSOL,So11111111111111111111111111111111111111112,WAVE,5XUUN5z1yBPEwoLztu4qMenmFe6GQnZptBFsnFnEpump,173393.04,34544.61,130077.28,742300.62,2,11,13,1,2,400,20000
271,EPjFWdd5AufqSSqeM2qN1xzybapC8G4wEGGkZwyTDt1v-Hg8bKz4mvs8KNj9zew1cEF9tDw1x2GViB4RFZjVEmfrD,USDC-,USDC,EPjFWdd5AufqSSqeM2qN1xzybapC8G4wEGGkZwyTDt1v,,Hg8bKz4mvs8KNj9zew1cEF9tDw1x2GViB4RFZjVEmfrD,289547.12,35106.49,923431.92,31306811.05,7,1,8,1,2,400,20000
272,9LzCMqDgTKYz9Drzqnpgee3SGa89up3a247ypMj2xrqM-EPjFWdd5AufqSSqeM2qN1xzybapC8G4wEGGkZwyTDt1v,AUDIO-USDC,AUDIO,9LzCMqDgTKYz9Drzqnpgee3SGa89up3a247ypMj2xrqM,USDC,EPjFWdd5AufqSSqeM2qN1xzybapC8G4wEGGkZwyTDt1v,432567.63,35244.69,240702.3,875290.44,1,2,3,1,2,400,20000
273,CQSPU12VppGZB7LeRkEaKzrRBzvo1LyA9mR2ydiwKHaL-So11111111111111111111111111111111111111112,YE-WSOL,YE,CQSPU12VppGZB7LeRkEaKzrRBzvo1LyA9mR2ydiwKHaL,WSOL,So11111111111111111111111111111111111111112,165094.8,35852.86,395692.17,4491049.34,1,9,10,1,2,400,20000
274,So11111111111111111111111111111111111111112-whispF7G9DHaojYHe2cdhRX5EMJzGBdqq7R57kL6inL,WSOL-WHISP,WSOL,So11111111111111111111111111111111111111112,WHISP,whispF7G9DHaojYHe2cdhRX5EMJzGBdqq7R57kL6inL,176768.98,36095.71,287363.82,4288630.68,3,10,13,1,2,400,20000
275,RAPRz9fd87y9qcBGj1VVqUbbUM6DaBggSDA58zc3N2b-EPjFWdd5AufqSSqeM2qN1xzybapC8G4wEGGkZwyTDt1v,RAPR-USDC,RAPR,RAPRz9fd87y9qcBGj1VVqUbbUM6DaBggSDA58zc3N2b,USDC,EPjFWdd5AufqSSqeM2qN1xzybapC8G4wEGGkZwyTDt1v,157056.94,37596.88,197551.56,2075129.36,2,0,2,1,2,400,20000
276,So11111111111111111111111111111111111111112-7h5AzpYTAnh4Gyux8Gqko5Fvx4AYQBZdkzHZ2CsBudvJ,WSOL-Citadail,WSOL,So11111111111111111111111111111111111111112,Citadail,7h5AzpYTAnh4Gyux8Gqko5Fvx4AYQBZdkzHZ2CsBudvJ,262082.23,38054.79,197653.97,1334245.81,2,12,14,1,2,400,20000
277,So11111111111111111111111111111111111111112-DPaQfq5sFnoqw2Sh9WMmmASFL9LNu6RdtDqwE1tab2tB,WSOL-SKBDI,WSOL,So11111111111111111111111111111111111111112,SKBDI,DPaQfq5sFnoqw2Sh9WMmmASFL9LNu6RdtDqwE1tab2tB,320132.23,39882.67,348655.96,1313468.94,2,4,6,1,2,400,20000
278,So11111111111111111111111111111111111111112-EoRe4xECTe9imaYtwfdmrGoinD2S1N5yMeu1LrjQpump,WSOL-MWOR,WSOL,So11111111111111111111111111111111111111112,MWOR,EoRe4xECTe9imaYtwfdmrGoinD2S1N5yMeu1LrjQpump,51200.61,40731.95,362293.5,1618055.13,2,0,2,1,2,400,20000
279,So11111111111111111111111111111111111111112-AsyfR3e5JcPqWot4H5MMhQUm7DZ4zwQrcp2zbB7vpump,WSOL-IQ,WSOL,So11111111111111111111111111111111111111112,IQ,AsyfR3e5JcPqWot4H5MMhQUm7DZ4zwQrcp2zbB7vpump,338292.07,41835.87,297623.52,1550377.6,1,13,14,1,2,400,20000
280,So11111111111111111111111111111111111111112-3S8qX1MsMqRbiwKg2cQyx7nis1oHMgaCuc9c4VfvVdPN,WSOL-MOTHER,WSOL,So11111111111111111111111111111111111111112,MOTHER,3S8qX1MsMqRbiwKg2cQyx7nis1oHMgaCuc9c4VfvVdPN,943839.9,42134.79,329154.64,2207589.34,2,42,44,1,2,400,20000
281,So11111111111111111111111111111111111111112-HsNx7RirehVMy54xnFtcgCBPDMrwNnJKykageqdWpump,WSOL-daige,WSOL,So11111111111111111111111111111111111111112,daige,HsNx7RirehVMy54xnFtcgCBPDMrwNnJKykageqdWpump,202763.1,42687.35,421344.0,1627409.33,2,0,2,1,2,400,20000
282,85VBFQZC9TZkfaptBWjvUw7YbZjy52A6mjtPGjstQAmQ-EPjFWdd5AufqSSqeM2qN1xzybapC8G4wEGGkZwyTDt1v,W-USDC,W,85VBFQZC9TZkfaptBWjvUw7YbZjy52A6mjtPGjstQAmQ,USDC,EPjFWdd5AufqSSqeM2qN1xzybapC8G4wEGGkZwyTDt1v,193021.81,42767.75,234047.99,489977.27,1,17,18,1,2,400,20000
283,So11111111111111111111111111111111111111112-89nnWMkWeF9LSJvAWcN2JFQfeWdDk6diKEckeToEU1hE,WSOL-sora,WSOL,So11111111111111111111111111111111111111112,sora,89nnWMkWeF9LSJvAWcN2JFQfeWdDk6diKEckeToEU1hE,78589.47,43320.71,70734.78,217261.79,2,10,12,1,2,400,20000
284,Fch1oixTPri8zxBnmdCEADoJW2toyFHxqDZacQkwdvSP-So11111111111111111111111111111111111111112,HARAMBE-WSOL,HARAMBE,Fch1oixTPri8zxBnmdCEADoJW2toyFHxqDZacQkwdvSP,WSOL,So11111111111111111111111111111111111111112,706803.45,43516.18,404040.91,1458126.59,3,13,16,1,2,400,20000
285,So11111111111111111111111111111111111111112-KMnDBXcPXoz6oMJW5XG4tXdwSWpmWEP2RQM1Uujpump,WSOL-FIGHT,WSOL,So11111111111111111111111111111111111111112,FIGHT,KMnDBXcPXoz6oMJW5XG4tXdwSWpmWEP2RQM1Uujpump,340209.07,43683.67,422320.01,3203083.04,2,17,19,1,2,400,20000
286,So11111111111111111111111111111111111111112-3B5wuUrMEi5yATD7on46hKfej3pfmd7t1RKgrsN3pump,WSOL-BILLY,WSOL,So11111111111111111111111111111111111111112,BILLY,3B5wuUrMEi5yATD7on46hKfej3pfmd7t1RKgrsN3pump,774360.57,43706.62,384279.57,2115497.94,3,34,37,1,2,400,20000
287,So11111111111111111111111111111111111111112-HeJUFDxfJSzYFUuHLxkMqCgytU31G6mjP4wKviwqpump,WSOL-GNON,WSOL,So11111111111111111111111111111111111111112,GNON,HeJUFDxfJSzYFUuHLxkMqCgytU31G6mjP4wKviwqpump,504792.37,43766.59,169378.97,1909376.24,2,16,18,1,2,400,20000
288,So11111111111111111111111111111111111111112-69G8CpUVZAxbPMiEBrfCCCH445NwFxH6PzVL693Xpump,WSOL-xavier,WSOL,So11111111111111111111111111111111111111112,xavier,69G8CpUVZAxbPMiEBrfCCCH445NwFxH6PzVL693Xpump,109419.16,45749.86,151204.73,743667.25,1,6,7,1,2,400,20000
289,So11111111111111111111111111111111111111112-9doRRAik5gvhbEwjbZDbZR6GxXSAfdoomyJR57xKpump,WSOL-GRPH,WSOL,So11111111111111111111111111111111111111112,GRPH,9doRRAik5gvhbEwjbZDbZR6GxXSAfdoomyJR57xKpump,263231.66,45970.31,690107.46,2931677.18,2,11,13,1,2,400,20000
290,So11111111111111111111111111111111111111112-6JGSHS9GrE9uG8ix63w3DPMYHrgrJ6J4QyHbBhAepump,WSOL-Crashout,WSOL,So11111111111111111111111111111111111111112,Crashout,6JGSHS9GrE9uG8ix63w3DPMYHrgrJ6J4QyHbBhAepump,213181.38,46830.05,383366.97,3360784.37,1,13,14,1,2,400,20000
291,So11111111111111111111111111111111111111112-8i51XNNpGaKaj4G4nDdmQh95v4FKAxw8mhtaRoKd9tE8,WSOL-TETSUO,WSOL,So11111111111111111111111111111111111111112,TETSUO,8i51XNNpGaKaj4G4nDdmQh95v4FKAxw8mhtaRoKd9tE8,366153.24,47497.54,459127.11,2470073.67,2,10,12,1,2,400,20000
292,So11111111111111111111111111111111111111112-GwkEDwePTa6aFosh9xzAniGK1zvLrQ5yPJfLnqwmuyhG,WSOL-HYPERSKIDS,WSOL,So11111111111111111111111111111111111111112,HYPERSKIDS,GwkEDwePTa6aFosh9xzAniGK1zvLrQ5yPJfLnqwmuyhG,90118.56,47961.71,897658.01,1620602.47,3,9,12,1,2,400,20000
293,7dHbWXmci3dT8UFYWYZweBLXgycu7Y3iL6trKn1Y7ARj-EPjFWdd5AufqSSqeM2qN1xzybapC8G4wEGGkZwyTDt1v,stSOL-USDC,stSOL,7dHbWXmci3dT8UFYWYZweBLXgycu7Y3iL6trKn1Y7ARj,USDC,EPjFWdd5AufqSSqeM2qN1xzybapC8G4wEGGkZwyTDt1v,402759.16,48451.83,441687.23,1112127.31,3,0,3,1,2,400,20000
294,So11111111111111111111111111111111111111112-9JhFqCA21MoAXs2PTaeqNQp2XngPn1PgYr2rsEVCpump,WSOL-OPUS,WSOL,So11111111111111111111111111111111111111112,OPUS,9JhFqCA21MoAXs2PTaeqNQp2XngPn1PgYr2rsEVCpump,584846.38,49268.77,689732.1,4254906.35,2,11,13,1,2,400,20000
295,So11111111111111111111111111111111111111112-43VWkd99HjqkhFTZbWBpMpRhjG469nWa7x7uEsgSH7We,WSOL-STNK,WSOL,So11111111111111111111111111111111111111112,STNK,43VWkd99HjqkhFTZbWBpMpRhjG469nWa7x7uEsgSH7We,932142.53,50160.0,418205.41,1951218.19,3,11,14,1,2,400,20000
296,AuQaustGiaqxRvj2gtCdrd22PBzTn8kM3kEPEkZCtuDw-EPjFWdd5AufqSSqeM2qN1xzybapC8G4wEGGkZwyTDt1v,ADX-USDC,ADX,AuQaustGiaqxRvj2gtCdrd22PBzTn8kM3kEPEkZCtuDw,USDC,EPjFWdd5AufqSSqeM2qN1xzybapC8G4wEGGkZwyTDt1v,155021.5,50428.69,262183.45,756405.17,2,8,10,1,2,400,20000
297,A3eME5CetyZPBoWbRUwY3tSe25S6tb18ba9ZPbWk9eFJ-So11111111111111111111111111111111111111112,PENG-WSOL,PENG,A3eME5CetyZPBoWbRUwY3tSe25S6tb18ba9ZPbWk9eFJ,WSOL,So11111111111111111111111111111111111111112,373718.19,50485.75,292474.55,829542.31,2,0,2,1,2,400,20000
298,So11111111111111111111111111111111111111112-B89Hd5Juz7JP2dxCZXFJWk4tMTcbw7feDhuWGb3kq5qE,WSOL-NC,WSOL,So11111111111111111111111111111111111111112,NC,B89Hd5Juz7JP2dxCZXFJWk4tMTcbw7feDhuWGb3kq5qE,216950.36,50842.19,300283.84,1364004.87,2,24,26,1,2,400,20000
299,ULwSJmmpxmnRfpu6BjnK6rprKXqD5jXUmPpS1FxHXFy-So11111111111111111111111111111111111111112,HEGE-WSOL,HEGE,ULwSJmmpxmnRfpu6BjnK6rprKXqD5jXUmPpS1FxHXFy,WSOL,So11111111111111111111111111111111111111112,761394.84,50941.12,263915.88,975277.07,2,6,8,1,2,400,20000
300,So11111111111111111111111111111111111111112-AuQaustGiaqxRvj2gtCdrd22PBzTn8kM3kEPEkZCtuDw,WSOL-ADX,WSOL,So11111111111111111111111111111111111111112,ADX,AuQaustGiaqxRvj2gtCdrd22PBzTn8kM3kEPEkZCtuDw,162184.56,52020.26,259826.72,802908.18,1,4,5,1,2,400,20000
301,So11111111111111111111111111111111111111112-FQgtfugBdpFN7PZ6NdPrZpVLDBrPGxXesi4gVu3vErhY,WSOL-BMT,WSOL,So11111111111111111111111111111111111111112,BMT,FQgtfugBdpFN7PZ6NdPrZpVLDBrPGxXesi4gVu3vErhY,689435.4,52563.15,786964.62,16238023.21,1,8,9,1,2,400,20000
302,So11111111111111111111111111111111111111112-2RBko3xoz56aH69isQMUpzZd9NYHahhwC23A5F3Spkin,WSOL-PKIN,WSOL,So11111111111111111111111111111111111111112,PKIN,2RBko3xoz56aH69isQMUpzZd9NYHahhwC23A5F3Spkin,601560.19,52998.54,401191.01,4033148.19,3,25,28,1,2,400,20000
303,So11111111111111111111111111111111111111112-5AnPDx9GposBi9jSW2dFfE5QQD3FmXbudoquMNDxpump,WSOL-DOLLAR,WSOL,So11111111111111111111111111111111111111112,DOLLAR,5AnPDx9GposBi9jSW2dFfE5QQD3FmXbudoquMNDxpump,72339.9,56599.77,75527.95,123393.65,1,12,13,1,2,400,20000
304,So11111111111111111111111111111111111111112-3joMReCCSESngJEpFLoKR2dNcChjSRCDtybQet5uSpse,WSOL-CAT,WSOL,So11111111111111111111111111111111111111112,CAT,3joMReCCSESngJEpFLoKR2dNcChjSRCDtybQet5uSpse,333646.24,56738.01,373784.12,729108.69,1,6,7,1,2,400,20000
305,So11111111111111111111111111111111111111112-9qriMjPPAJTMCtfQnz7Mo9BsV2jAWTr2ff7yc3JWpump,WSOL-　,WSOL,So11111111111111111111111111111111111111112,　,9qriMjPPAJTMCtfQnz7Mo9BsV2jAWTr2ff7yc3JWpump,619388.68,57064.09,541461.2,3084200.08,1,19,20,1,2,400,20000
306,So11111111111111111111111111111111111111112-oraim8c9d1nkfuQk9EzGYEUGxqL3MHQYndRw1huVo5h,WSOL-MAX,WSOL,So11111111111111111111111111111111111111112,MAX,oraim8c9d1nkfuQk9EzGYEUGxqL3MHQYndRw1huVo5h,476503.06,59651.44,650020.68,3415290.1,2,15,17,1,2,400,20000
307,So11111111111111111111111111111111111111112-HhCLbkW6FwhriTkk81W8tYstsRCLUu6Y7Je1SQjVpump,WSOL-KIKI,WSOL,So11111111111111111111111111111111111111112,KIKI,HhCLbkW6FwhriTkk81W8tYstsRCLUu6Y7Je1SQjVpump,339963.47,59971.08,430295.61,2009033.65,2,11,13,1,2,400,20000
308,So11111111111111111111111111111111111111112-GiG7Hr61RVm4CSUxJmgiCoySFQtdiwxtqf64MsRppump,WSOL-SCF,WSOL,So11111111111111111111111111111111111111112,SCF,GiG7Hr61RVm4CSUxJmgiCoySFQtdiwxtqf64MsRppump,776270.82,61126.26,416316.83,1534492.51,2,18,20,1,2,400,20000
309,So11111111111111111111111111111111111111112-5voS9evDjxF589WuEub5i4ti7FWQmZCsAsyD5ucbuRqM,WSOL-ELIZA,WSOL,So11111111111111111111111111111111111111112,ELIZA,5voS9evDjxF589WuEub5i4ti7FWQmZCsAsyD5ucbuRqM,626585.63,61956.68,591554.91,4363881.32,2,24,26,1,2,400,20000
310,So11111111111111111111111111111111111111112-FvgqHMfL9yn39V79huDPy3YUNDoYJpuLWng2JfmQpump,WSOL-$URO,WSOL,So11111111111111111111111111111111111111112,$URO,FvgqHMfL9yn39V79huDPy3YUNDoYJpuLWng2JfmQpump,457655.45,62374.98,446184.31,6259541.87,2,15,17,1,2,400,20000
311,So11111111111111111111111111111111111111112-dog1viwbb2vWDpER5FrJ4YFG6gq6XuyFohUe9TXN65u,WSOL-DOG,WSOL,So11111111111111111111111111111111111111112,DOG,dog1viwbb2vWDpER5FrJ4YFG6gq6XuyFohUe9TXN65u,103445.46,62711.6,739743.87,2250847.01,2,7,9,1,2,400,20000
312,So11111111111111111111111111111111111111112-5XyKkFaJpAmsH4Tf2EFj3S61W3hC5cJhxNZQQ5h1pump,WSOL-Luigi,WSOL,So11111111111111111111111111111111111111112,Luigi,5XyKkFaJpAmsH4Tf2EFj3S61W3hC5cJhxNZQQ5h1pump,660384.25,65633.61,636622.85,4159526.2,4,22,26,1,2,400,20000
313,So11111111111111111111111111111111111111112-FVdo7CDJarhYoH6McyTFqx71EtzCPViinvdd1v86Qmy5,WSOL-Aimonica,WSOL,So11111111111111111111111111111111111111112,Aimonica,FVdo7CDJarhYoH6McyTFqx71EtzCPViinvdd1v86Qmy5,294587.38,66078.73,694902.71,5046730.24,1,5,6,1,2,400,20000
314,So11111111111111111111111111111111111111112-BmXfbamFqrBzrqihr9hbSmEsfQUXMVaqshAjgvZupump,WSOL-LUX,WSOL,So11111111111111111111111111111111111111112,LUX,BmXfbamFqrBzrqihr9hbSmEsfQUXMVaqshAjgvZupump,402622.83,66584.61,702539.45,3706340.25,3,26,29,1,2,400,20000
315,So11111111111111111111111111111111111111112-HBoNJ5v8g71s2boRivrHnfSB5MVPLDHHyVjruPfhGkvL,WSOL-PURPE,WSOL,So11111111111111111111111111111111111111112,PURPE,HBoNJ5v8g71s2boRivrHnfSB5MVPLDHHyVjruPfhGkvL,822918.3,67341.89,634460.47,2792791.01,4,5,9,1,2,400,20000
316,So11111111111111111111111111111111111111112-GAMwtMB6onAvBNBQJCJFuxoaqfPH8uCQ2dewNMVVpump,WSOL-TANK,WSOL,So11111111111111111111111111111111111111112,TANK,GAMwtMB6onAvBNBQJCJFuxoaqfPH8uCQ2dewNMVVpump,351206.09,67998.31,890348.89,4206187.99,1,11,12,1,2,400,20000
317,So11111111111111111111111111111111111111112-2eXamy7t3kvKhfV6aJ6Uwe3eh8cuREFcTKs1mFKZpump,WSOL-nuit,WSOL,So11111111111111111111111111111111111111112,nuit,2eXamy7t3kvKhfV6aJ6Uwe3eh8cuREFcTKs1mFKZpump,252495.87,68617.04,353289.74,1428485.26,1,18,19,1,2,400,20000
318,3WPep4ufaToK1aS5s8BL9inzeUrt4DYaQCiic6ZkkC1U-So11111111111111111111111111111111111111112,GIKO-WSOL,GIKO,3WPep4ufaToK1aS5s8BL9inzeUrt4DYaQCiic6ZkkC1U,WSOL,So11111111111111111111111111111111111111112,293594.87,69693.27,625166.8,2095762.22,2,16,18,1,2,400,20000
319,So11111111111111111111111111111111111111112-Ai4CL1SAxVRigxQFwBH8S2JkuL7EqrdiGwTC7JpCpump,WSOL-AWR,WSOL,So11111111111111111111111111111111111111112,AWR,Ai4CL1SAxVRigxQFwBH8S2JkuL7EqrdiGwTC7JpCpump,186058.96,71384.75,422833.07,1352752.27,1,6,7,1,2,400,20000
320,Jambjx1oJoZNBZiqbiF9TqgatEZPdyfvYa9WVsKNzUh-So11111111111111111111111111111111111111112,J-WSOL,J,Jambjx1oJoZNBZiqbiF9TqgatEZPdyfvYa9WVsKNzUh,WSOL,So11111111111111111111111111111111111111112,701210.88,72631.54,571411.18,4427922.46,1,11,12,1,2,400,20000
321,So11111111111111111111111111111111111111112-BeGY8KqKxboEwRbJd1q9H2K829jS4Rc5dEyNMYXCbV5p,WSOL-NPC,WSOL,So11111111111111111111111111111111111111112,NPC,BeGY8KqKxboEwRbJd1q9H2K829jS4Rc5dEyNMYXCbV5p,731070.74,73778.6,682134.4,2970289.57,2,0,2,1,2,400,20000
322,So11111111111111111111111111111111111111112-J7tYmq2JnQPvxyhcXpCDrvJnc9R5ts8rv7tgVHDPsw7U,WSOL-FLOYDAI,WSOL,So11111111111111111111111111111111111111112,FLOYDAI,J7tYmq2JnQPvxyhcXpCDrvJnc9R5ts8rv7tgVHDPsw7U,442425.71,73876.22,856076.22,4702676.11,2,7,9,1,2,400,20000
323,rndrizKT3MK1iimdxRdWabcF7Zg7AR5T4nud4EkHBof-EPjFWdd5AufqSSqeM2qN1xzybapC8G4wEGGkZwyTDt1v,RENDER-USDC,RENDER,rndrizKT3MK1iimdxRdWabcF7Zg7AR5T4nud4EkHBof,USDC,EPjFWdd5AufqSSqeM2qN1xzybapC8G4wEGGkZwyTDt1v,211041.66,74716.94,688327.06,1869390.76,1,7,8,1,2,400,20000
324,So11111111111111111111111111111111111111112-4q3Z58YxrZEAVMLtMwnm7eHtodSD3LSpSNt3pDnqpump,WSOL-KOLIN,WSOL,So11111111111111111111111111111111111111112,KOLIN,4q3Z58YxrZEAVMLtMwnm7eHtodSD3LSpSNt3pDnqpump,420780.4,76286.36,420012.89,1745332.88,2,6,8,1,2,400,20000
325,So11111111111111111111111111111111111111112-G6esXaVQUsZKtStZn7bvTkx4nMnovUXRsrox9Lovpump,WSOL-FEETCOIN,WSOL,So11111111111111111111111111111111111111112,FEETCOIN,G6esXaVQUsZKtStZn7bvTkx4nMnovUXRsrox9Lovpump,46181.29,77393.7,9192749.7,9259510.22,1,4,5,1,2,400,20000
326,So11111111111111111111111111111111111111112-AxDKAyDsC7p8C5MeDFX6FKV2MPCSGwzkRfGY2qZZpump,WSOL-NOVA,WSOL,So11111111111111111111111111111111111111112,NOVA,AxDKAyDsC7p8C5MeDFX6FKV2MPCSGwzkRfGY2qZZpump,193245.55,79152.93,420635.56,988058.18,2,0,2,1,2,400,20000
327,So11111111111111111111111111111111111111112-8vSwZHKP5WJ8ov6awAntB31Kuyh6NYVwi3qmyZsiivRE,WSOL-S&P500,WSOL,So11111111111111111111111111111111111111112,S&P500,8vSwZHKP5WJ8ov6awAntB31Kuyh6NYVwi3qmyZsiivRE,101071.69,79906.05,391745.34,873593.45,2,0,2,1,2,400,20000
328,So11111111111111111111111111111111111111112-98mb39tPFKQJ4Bif8iVg9mYb9wsfPZgpgN1sxoVTpump,WSOL-LLM,WSOL,So11111111111111111111111111111111111111112,LLM,98mb39tPFKQJ4Bif8iVg9mYb9wsfPZgpgN1sxoVTpump,444632.32,81391.54,1192268.07,12164807.34,2,27,29,1,2,400,20000
329,3pGyE8coXwBy8rx71zjtHDRrSA5TvKmuRgqwhK3Xmoon-So11111111111111111111111111111111111111112,CHADETTE-WSOL,CHADETTE,3pGyE8coXwBy8rx71zjtHDRrSA5TvKmuRgqwhK3Xmoon,WSOL,So11111111111111111111111111111111111111112,342423.74,82817.95,971257.36,2172207.97,2,0,2,1,2,400,20000
330,EhkDgP8e5sz16AFCWUCYJzVug1zvpDLTEHxH4WAFpBFA-So11111111111111111111111111111111111111112,X-WSOL,X,EhkDgP8e5sz16AFCWUCYJzVug1zvpDLTEHxH4WAFpBFA,WSOL,So11111111111111111111111111111111111111112,260848.62,84012.91,785347.64,2587778.65,2,0,2,1,2,400,20000
331,So11111111111111111111111111111111111111112-9sbrLLnk4vxJajnZWXP9h5qk1NDFw7dz2eHjgemcpump,WSOL-Beenz,WSOL,So11111111111111111111111111111111111111112,Beenz,9sbrLLnk4vxJajnZWXP9h5qk1NDFw7dz2eHjgemcpump,184124.11,87230.53,1177468.33,1967395.4,2,9,11,1,2,400,20000
332,So11111111111111111111111111111111111111112-FQ1tyso61AH1tzodyJfSwmzsD3GToybbRNoZxUBz21p8,WSOL-vvaifu,WSOL,So11111111111111111111111111111111111111112,vvaifu,FQ1tyso61AH1tzodyJfSwmzsD3GToybbRNoZxUBz21p8,703775.74,89595.67,853699.03,4558192.19,2,15,17,1,2,400,20000
333,So11111111111111111111111111111111111111112-Gu3LDkn7Vx3bmCzLafYNKcDxv2mH7YN44NJZFXnypump,WSOL-degenai,WSOL,So11111111111111111111111111111111111111112,degenai,Gu3LDkn7Vx3bmCzLafYNKcDxv2mH7YN44NJZFXnypump,517569.26,89979.07,772456.6,2912066.51,3,17,20,1,2,400,20000
334,So11111111111111111111111111111111111111112-BkYAUVMar1gLwuFLv2n5cmB6HhcNtvd86kU3gqAypump,WSOL-Elon4AfD,WSOL,So11111111111111111111111111111111111111112,Elon4AfD,BkYAUVMar1gLwuFLv2n5cmB6HhcNtvd86kU3gqAypump,675757.76,90015.0,499036.25,2748577.21,2,0,2,1,2,400,20000
335,So11111111111111111111111111111111111111112-DitHyRMQiSDhn5cnKMJV2CDDt6sVct96YrECiM49pump,WSOL-House,WSOL,So11111111111111111111111111111111111111112,House,DitHyRMQiSDhn5cnKMJV2CDDt6sVct96YrECiM49pump,32589.32,90160.98,1617682.11,3208289.4,2,8,10,1,2,400,20000
336,So11111111111111111111111111111111111111112-AdwCEWQGzt3vuFMEPMf97AJMiq1eYL2sR7gk2x42pump,WSOL-LENS,WSOL,So11111111111111111111111111111111111111112,LENS,AdwCEWQGzt3vuFMEPMf97AJMiq1eYL2sR7gk2x42pump,123300.32,97487.04,612759.18,14002419.74,2,2,4,1,2,400,20000
337,So11111111111111111111111111111111111111112-7mHCx9iXPJ7EJDbDAUGmej39Kme8cxZfeVi1EAvEpump,WSOL-BIGBALLS,WSOL,So11111111111111111111111111111111111111112,BIGBALLS,7mHCx9iXPJ7EJDbDAUGmej39Kme8cxZfeVi1EAvEpump,162277.57,97548.03,244218.6,2124071.33,2,17,19,1,2,400,20000
338,So11111111111111111111111111111111111111112-92cRC6kV5D7TiHX1j56AbkPbffo9jwcXxSDQZ8Mopump,WSOL-fxn,WSOL,So11111111111111111111111111111111111111112,fxn,92cRC6kV5D7TiHX1j56AbkPbffo9jwcXxSDQZ8Mopump,260964.54,101083.56,345756.81,1115225.39,2,6,8,1,2,400,20000
339,GeBCL92LPDysZPFYjRkPe7cK42Vb4ehHPZCTtCSwja7w-So11111111111111111111111111111111111111112,BAOBAO-WSOL,BAOBAO,GeBCL92LPDysZPFYjRkPe7cK42Vb4ehHPZCTtCSwja7w,WSOL,So11111111111111111111111111111111111111112,370014.47,102046.75,673258.71,3528694.49,2,0,2,1,2,400,20000
340,So11111111111111111111111111111111111111112-GwKKPsJdY5oWMJ8RReWLcvb82KzW6FKy2bKoYW7kHr16,WSOL-LLD,WSOL,So11111111111111111111111111111111111111112,LLD,GwKKPsJdY5oWMJ8RReWLcvb82KzW6FKy2bKoYW7kHr16,486193.89,105135.96,382167.2,1975494.87,4,8,12,1,2,400,20000
341,So11111111111111111111111111111111111111112-8SpPaFLycx897D6sowPZkEkcNdDahzRZb5itr6D8pump,WSOL-LEA,WSOL,So11111111111111111111111111111111111111112,LEA,8SpPaFLycx897D6sowPZkEkcNdDahzRZb5itr6D8pump,444829.61,106185.23,672131.09,2474280.49,3,0,3,1,2,400,20000
342,So11111111111111111111111111111111111111112-BZLbGTNCSFfoth2GYDtwr7e4imWzpR5jqcUuGEwr646K,WSOL-IO,WSOL,So11111111111111111111111111111111111111112,IO,BZLbGTNCSFfoth2GYDtwr7e4imWzpR5jqcUuGEwr646K,1357582.86,107902.61,1140521.12,8034845.36,4,25,29,1,2,400,20000
343,So11111111111111111111111111111111111111112-6d5zHW5B8RkGKd51Lpb9RqFQSqDudr9GJgZ1SgQZpump,WSOL-AVB,WSOL,So11111111111111111111111111111111111111112,AVB,6d5zHW5B8RkGKd51Lpb9RqFQSqDudr9GJgZ1SgQZpump,549963.16,108055.15,655581.73,2593745.1,2,12,14,1,2,400,20000
344,So11111111111111111111111111111111111111112-zGh48JtNHVBb5evgoZLXwgPD2Qu4MhkWdJLGDAupump,WSOL-retire,WSOL,So11111111111111111111111111111111111111112,retire,zGh48JtNHVBb5evgoZLXwgPD2Qu4MhkWdJLGDAupump,285338.7,110285.41,888114.98,4377000.07,2,6,8,1,2,400,20000
345,So11111111111111111111111111111111111111112-H2c31USxu35MDkBrGph8pUDUnmzo2e4Rf4hnvL2Upump,WSOL-Shoggoth,WSOL,So11111111111111111111111111111111111111112,Shoggoth,H2c31USxu35MDkBrGph8pUDUnmzo2e4Rf4hnvL2Upump,673256.14,110349.46,1103109.38,3508816.58,2,25,27,1,2,400,20000
346,So11111111111111111111111111111111111111112-G5e2XonmccmdKc98g3eNQe5oBYGw9m8xdMUvVtcZpump,WSOL-MAIAR,WSOL,So11111111111111111111111111111111111111112,MAIAR,G5e2XonmccmdKc98g3eNQe5oBYGw9m8xdMUvVtcZpump,212655.83,111000.45,1207815.05,7565728.72,1,11,12,1,2,400,20000
347,So11111111111111111111111111111111111111112-FrkF4GNdqKZLuzWXTk1imqMJRGK9uxCRE3PaBKZbpump,WSOL-DRIP,WSOL,So11111111111111111111111111111111111111112,DRIP,FrkF4GNdqKZLuzWXTk1imqMJRGK9uxCRE3PaBKZbpump,94265.97,119328.63,700503.56,3374194.79,2,0,2,1,2,400,20000
348,So11111111111111111111111111111111111111112-9hfKxLSnwh4LhpRgmxBYDRgrKeYUgszMePKxuidPpump,WSOL-KIT,WSOL,So11111111111111111111111111111111111111112,KIT,9hfKxLSnwh4LhpRgmxBYDRgrKeYUgszMePKxuidPpump,172843.12,119967.98,528483.39,3457214.24,1,13,14,1,2,400,20000
349,GtDZKAqvMZMnti46ZewMiXCa4oXF4bZxwQPoKzXPFxZn-So11111111111111111111111111111111111111112,nub-WSOL,nub,GtDZKAqvMZMnti46ZewMiXCa4oXF4bZxwQPoKzXPFxZn,WSOL,So11111111111111111111111111111111111111112,893915.78,120465.97,488396.1,2281871.82,1,14,15,1,2,400,20000
350,h5NciPdMZ5QCB5BYETJMYBMpVx9ZuitR6HcVjyBhood-So11111111111111111111111111111111111111112,HOOD-WSOL,HOOD,h5NciPdMZ5QCB5BYETJMYBMpVx9ZuitR6HcVjyBhood,WSOL,So11111111111111111111111111111111111111112,372970.57,121692.95,958111.16,5329396.25,2,17,19,1,2,400,20000
351,So11111111111111111111111111111111111111112-GmbC2HgWpHpq9SHnmEXZNT5e1zgcU9oASDqbAkGTpump,WSOL-CATANA,WSOL,So11111111111111111111111111111111111111112,CATANA,GmbC2HgWpHpq9SHnmEXZNT5e1zgcU9oASDqbAkGTpump,228180.5,122440.56,472975.7,1033253.55,2,13,15,1,2,400,20000
352,14zP2ToQ79XWvc7FQpm4bRnp9d6Mp1rFfsUW3gpLcRX-So11111111111111111111111111111111111111112,AIXBT-WSOL,AIXBT,14zP2ToQ79XWvc7FQpm4bRnp9d6Mp1rFfsUW3gpLcRX,WSOL,So11111111111111111111111111111111111111112,428104.21,124453.49,718538.8,4050300.02,2,13,15,1,2,400,20000
353,So11111111111111111111111111111111111111112-HZ1JovNiVvGrGNiiYvEozEVgZ58xaU3RKwX8eACQBCt3,WSOL-PYTH,WSOL,So11111111111111111111111111111111111111112,PYTH,HZ1JovNiVvGrGNiiYvEozEVgZ58xaU3RKwX8eACQBCt3,227279.7,126929.76,922931.43,4075681.52,3,13,16,1,2,400,20000
354,So11111111111111111111111111111111111111112-HW7D5MyYG4Dz2C98axfjVBeLWpsEnofrqy6ZUwqwpump,WSOL-VIRAL,WSOL,So11111111111111111111111111111111111111112,VIRAL,HW7D5MyYG4Dz2C98axfjVBeLWpsEnofrqy6ZUwqwpump,442604.04,131657.55,1151396.45,5862051.26,2,7,9,1,2,400,20000
355,So11111111111111111111111111111111111111112-HgBRWfYxEfvPhtqkaeymCQtHCrKE46qQ43pKe8HCpump,WSOL-Bert,WSOL,So11111111111111111111111111111111111111112,Bert,HgBRWfYxEfvPhtqkaeymCQtHCrKE46qQ43pKe8HCpump,778018.16,131993.05,1696323.53,5970297.66,4,7,11,1,2,400,20000
356,So11111111111111111111111111111111111111112-8XtRWb4uAAJFMP4QQhoYYCWR6XXb7ybcCdiqPwz9s5WS,WSOL-ALON,WSOL,So11111111111111111111111111111111111111112,ALON,8XtRWb4uAAJFMP4QQhoYYCWR6XXb7ybcCdiqPwz9s5WS,749631.07,132581.97,1193140.67,12701522.51,3,22,25,1,2,400,20000
357,So11111111111111111111111111111111111111112-9UYAYvVS2cZ3BndbsoG1ScJbjfwyEPGxjE79hh5ipump,WSOL-DOGEAI,WSOL,So11111111111111111111111111111111111111112,DOGEAI,9UYAYvVS2cZ3BndbsoG1ScJbjfwyEPGxjE79hh5ipump,911136.27,136869.38,1955547.49,13931971.02,2,21,23,1,2,400,20000
358,MEFNBXixkEbait3xn9bkm8WsJzXtVsaJEn4c8Sam21u-EPjFWdd5AufqSSqeM2qN1xzybapC8G4wEGGkZwyTDt1v,ME-USDC,ME,MEFNBXixkEbait3xn9bkm8WsJzXtVsaJEn4c8Sam21u,USDC,EPjFWdd5AufqSSqeM2qN1xzybapC8G4wEGGkZwyTDt1v,1768677.23,137951.49,1767154.1,19458117.92,4,32,36,1,2,400,20000
359,So11111111111111111111111111111111111111112-9WPTUkh8fKuCnepRWoPYLH3aK9gSjPHFDenBq2X1Czdp,WSOL-SELFIE,WSOL,So11111111111111111111111111111111111111112,SELFIE,9WPTUkh8fKuCnepRWoPYLH3aK9gSjPHFDenBq2X1Czdp,481474.37,138340.07,404066.05,1114161.18,1,22,23,1,2,400,20000
360,So11111111111111111111111111111111111111112-8AS9yeGsAwvTs9gCDKMmB2MgX8NiSvv4uppH61yqpump,WSOL-$horny,WSOL,So11111111111111111111111111111111111111112,$horny,8AS9yeGsAwvTs9gCDKMmB2MgX8NiSvv4uppH61yqpump,176051.55,143831.16,2903610.16,3274271.12,1,6,7,1,2,400,20000
361,6dKCoWjpj5MFU5gWDEFdpUUeBasBLK3wLEwhUzQPAa1e-EPjFWdd5AufqSSqeM2qN1xzybapC8G4wEGGkZwyTDt1v,CHEX-USDC,CHEX,6dKCoWjpj5MFU5gWDEFdpUUeBasBLK3wLEwhUzQPAa1e,USDC,EPjFWdd5AufqSSqeM2qN1xzybapC8G4wEGGkZwyTDt1v,507916.05,144345.39,841791.79,3404787.22,1,7,8,1,2,400,20000
362,So11111111111111111111111111111111111111112-4NBTf8PfLH4oLFnwf3knv46FY9i5oXjDxffCetXRpump,WSOL-YzY,WSOL,So11111111111111111111111111111111111111112,YzY,4NBTf8PfLH4oLFnwf3knv46FY9i5oXjDxffCetXRpump,626767.35,145208.24,1214757.42,16670699.05,2,13,15,1,2,400,20000
363,So11111111111111111111111111111111111111112-B5WTLaRwaUQpKk7ir1wniNB6m5o8GgMrimhKMYan2R6B,WSOL-Pepe,WSOL,So11111111111111111111111111111111111111112,Pepe,B5WTLaRwaUQpKk7ir1wniNB6m5o8GgMrimhKMYan2R6B,369161.66,146264.85,948686.77,2073920.66,3,0,3,1,2,400,20000
364,So11111111111111111111111111111111111111112-BP8RUdhLKBL2vgVXc3n7oTSZKWaQVbD8S6QcPaMVBAPo,WSOL-FAFO,WSOL,So11111111111111111111111111111111111111112,FAFO,BP8RUdhLKBL2vgVXc3n7oTSZKWaQVbD8S6QcPaMVBAPo,353393.47,148097.46,2461410.99,5815073.34,2,28,30,1,2,400,20000
365,ATRLuHph8dxnPny4WSNW7fxkhbeivBrtWbY6BfB4xpLj-EPjFWdd5AufqSSqeM2qN1xzybapC8G4wEGGkZwyTDt1v,ATR-USDC,ATR,ATRLuHph8dxnPny4WSNW7fxkhbeivBrtWbY6BfB4xpLj,USDC,EPjFWdd5AufqSSqeM2qN1xzybapC8G4wEGGkZwyTDt1v,457773.8,148719.21,981664.28,5088520.04,2,0,2,1,2,400,20000
366,So11111111111111111111111111111111111111112-GJtJuWD9qYcCkrwMBmtY1tpapV1sKfB2zUv9Q4aqpump,WSOL-$RIF,WSOL,So11111111111111111111111111111111111111112,$RIF,GJtJuWD9qYcCkrwMBmtY1tpapV1sKfB2zUv9Q4aqpump,517874.47,160369.19,1498923.89,23094954.14,2,18,20,1,2,400,20000
367,So11111111111111111111111111111111111111112-4TBi66vi32S7J8X1A6eWfaLHYmUXu7CStcEmsJQdpump,WSOL-Ghibli,WSOL,So11111111111111111111111111111111111111112,Ghibli,4TBi66vi32S7J8X1A6eWfaLHYmUXu7CStcEmsJQdpump,48278.76,168006.53,649518.73,16076870.95,2,20,22,1,2,400,20000
368,So11111111111111111111111111111111111111112-1xdtu7y3LkkrVCAbm5KGKfYzq1qgKhxxk5AaJBqpump,WSOL-MNSRY,WSOL,So11111111111111111111111111111111111111112,MNSRY,1xdtu7y3LkkrVCAbm5KGKfYzq1qgKhxxk5AaJBqpump,532085.52,168422.98,1776560.75,7179890.45,1,7,8,1,2,400,20000
369,So11111111111111111111111111111111111111112-3N2ETvNpPNAxhcaXgkhKoY1yDnQfs41Wnxsx5qNJpump,WSOL-NEUR,WSOL,So11111111111111111111111111111111111111112,NEUR,3N2ETvNpPNAxhcaXgkhKoY1yDnQfs41Wnxsx5qNJpump,548824.65,169758.49,944420.9,6267458.67,3,13,16,1,2,400,20000
370,So11111111111111111111111111111111111111112-EsP4kJfKUDLfX274WoBSiiEy74Sh4tZKUCDjfULHpump,WSOL-FRIC,WSOL,So11111111111111111111111111111111111111112,FRIC,EsP4kJfKUDLfX274WoBSiiEy74Sh4tZKUCDjfULHpump,571975.98,177852.89,1332851.3,5002603.19,2,15,17,1,2,400,20000
371,So11111111111111111111111111111111111111112-7D1iYWfhw2cr9yBZBFE6nZaaSUvXHqG5FizFFEZwpump,WSOL-YNE,WSOL,So11111111111111111111111111111111111111112,YNE,7D1iYWfhw2cr9yBZBFE6nZaaSUvXHqG5FizFFEZwpump,867641.16,183276.66,1399891.06,6250853.4,2,21,23,1,2,400,20000
372,6dKCoWjpj5MFU5gWDEFdpUUeBasBLK3wLEwhUzQPAa1e-So11111111111111111111111111111111111111112,CHEX-WSOL,CHEX,6dKCoWjpj5MFU5gWDEFdpUUeBasBLK3wLEwhUzQPAa1e,WSOL,So11111111111111111111111111111111111111112,1181910.14,187356.57,2229337.81,10186063.3,4,11,15,1,2,400,20000
373,So11111111111111111111111111111111111111112-CEK3J5DavCqqn3bV1smLZz7LxJR5eaRN5KxCxDZBq7SG,WSOL-BANG,WSOL,So11111111111111111111111111111111111111112,BANG,CEK3J5DavCqqn3bV1smLZz7LxJR5eaRN5KxCxDZBq7SG,20619.29,189160.85,1058552.55,1058552.55,1,15,16,1,2,400,20000
374,So11111111111111111111111111111111111111112-BQX1cjcRHXmrqNtoFWwmE5bZj7RPneTmqXB979b2pump,WSOL-Italianrot,WSOL,So11111111111111111111111111111111111111112,Italianrot,BQX1cjcRHXmrqNtoFWwmE5bZj7RPneTmqXB979b2pump,119994.67,199206.52,2479574.34,13242511.72,1,4,5,1,2,400,20000
375,HUdqc5MR5h3FssESabPnQ1GTgTcPvnNudAuLj5J6a9sU-So11111111111111111111111111111111111111112,BONGO-WSOL,BONGO,HUdqc5MR5h3FssESabPnQ1GTgTcPvnNudAuLj5J6a9sU,WSOL,So11111111111111111111111111111111111111112,398314.09,204632.44,1048638.17,2255812.32,1,8,9,1,2,400,20000
376,So11111111111111111111111111111111111111112-6yjNqPzTSanBWSa6dxVEgTjePXBrZ2FoHLDQwYwEsyM6,WSOL-Chud,WSOL,So11111111111111111111111111111111111111112,Chud,6yjNqPzTSanBWSa6dxVEgTjePXBrZ2FoHLDQwYwEsyM6,323895.71,207753.96,441024.05,1755057.78,1,13,14,1,2,400,20000
377,So11111111111111111111111111111111111111112-Cn5Ne1vmR9ctMGY9z5NC71A3NYFvopjXNyxYtfVYpump,WSOL-listen,WSOL,So11111111111111111111111111111111111111112,listen,Cn5Ne1vmR9ctMGY9z5NC71A3NYFvopjXNyxYtfVYpump,457837.08,208503.56,1138895.64,4637636.99,2,14,16,1,2,400,20000
378,So11111111111111111111111111111111111111112-CRAMvzDsSpXYsFpcoDr6vFLJMBeftez1E7277xwPpump,WSOL-PEPECAT,WSOL,So11111111111111111111111111111111111111112,PEPECAT,CRAMvzDsSpXYsFpcoDr6vFLJMBeftez1E7277xwPpump,390454.15,213318.59,964874.43,3442295.72,2,0,2,1,2,400,20000
379,So11111111111111111111111111111111111111112-J1Wpmugrooj1yMyQKrdZ2vwRXG5rhfx3vTnYE39gpump,WSOL-WOULD,WSOL,So11111111111111111111111111111111111111112,WOULD,J1Wpmugrooj1yMyQKrdZ2vwRXG5rhfx3vTnYE39gpump,4435141.45,215367.64,2084159.69,13841543.89,3,0,3,1,2,400,20000
380,So11111111111111111111111111111111111111112-GPrg1CgbBvAJS2SCuf9gF7NmQYsWudfyfWy5SUzypump,WSOL-EDWIN,WSOL,So11111111111111111111111111111111111111112,EDWIN,GPrg1CgbBvAJS2SCuf9gF7NmQYsWudfyfWy5SUzypump,400478.97,226039.27,1486444.49,5645209.19,2,9,11,1,2,400,20000
381,So11111111111111111111111111111111111111112-VaxZxmFXV8tmsd72hUn22ex6GFzZ5uq9DVJ5wA5pump,WSOL-OIIAOIIA,WSOL,So11111111111111111111111111111111111111112,OIIAOIIA,VaxZxmFXV8tmsd72hUn22ex6GFzZ5uq9DVJ5wA5pump,639303.06,230238.42,3006518.84,13524076.41,1,10,11,1,2,400,20000
382,BYZ9CcZGKAXmN2uDsKcQMM9UnZacija4vWcns9Th69xb-So11111111111111111111111111111111111111112,BOTIFY-WSOL,BOTIFY,BYZ9CcZGKAXmN2uDsKcQMM9UnZacija4vWcns9Th69xb,WSOL,So11111111111111111111111111111111111111112,410219.72,230478.0,2410129.47,11709974.16,2,0,2,1,2,400,20000
383,69kdRLyP5DTRkpHraaSZAQbWmAwzF9guKjZfzMXzcbAs-So11111111111111111111111111111111111111112,USA-WSOL,USA,69kdRLyP5DTRkpHraaSZAQbWmAwzF9guKjZfzMXzcbAs,WSOL,So11111111111111111111111111111111111111112,1325630.45,231507.81,2167185.43,7596244.67,2,23,25,1,2,400,20000
384,So11111111111111111111111111111111111111112-CNvitvFnSM5ed6K28RUNSaAjqqz5tX1rA5HgaBN9pump,WSOL-FRED,WSOL,So11111111111111111111111111111111111111112,FRED,CNvitvFnSM5ed6K28RUNSaAjqqz5tX1rA5HgaBN9pump,852938.42,259956.81,1284317.12,6623257.75,2,17,19,1,2,400,20000
385,So11111111111111111111111111111111111111112-3JgFwoYV74f6LwWjQWnr3YDPFnmBdwQfNyubv99jqUoq,WSOL-wPOND,WSOL,So11111111111111111111111111111111111111112,wPOND,3JgFwoYV74f6LwWjQWnr3YDPFnmBdwQfNyubv99jqUoq,214788.08,276997.97,3306708.92,10425748.89,2,28,30,1,2,400,20000
386,So11111111111111111111111111111111111111112-GHichsGq8aPnqJyz6Jp1ASTK4PNLpB5KrD6XrfDjpump,WSOL-$1,WSOL,So11111111111111111111111111111111111111112,$1,GHichsGq8aPnqJyz6Jp1ASTK4PNLpB5KrD6XrfDjpump,1055070.5,279241.06,2353988.59,18457428.89,3,13,16,1,2,400,20000
387,So11111111111111111111111111111111111111112-9PR7nCP9DpcUotnDPVLUBUZKu5WAYkwrCUx9wDnSpump,WSOL-Ban,WSOL,So11111111111111111111111111111111111111112,Ban,9PR7nCP9DpcUotnDPVLUBUZKu5WAYkwrCUx9wDnSpump,1932706.14,281548.57,6262891.77,12513918.41,3,19,22,1,2,400,20000
388,So11111111111111111111111111111111111111112-CfgmB9iTWABdYh3CHQQDUGtWy18rMNAEEqyp4GrJpump,WSOL-ASS,WSOL,So11111111111111111111111111111111111111112,ASS,CfgmB9iTWABdYh3CHQQDUGtWy18rMNAEEqyp4GrJpump,287120.02,287252.51,1597126.71,2792855.82,1,5,6,1,2,400,20000
389,So11111111111111111111111111111111111111112-3zJ7RxtzPahndBTEn5PGUyo9xBMv6MJP9J4TPqdFpump,WSOL-ESIM,WSOL,So11111111111111111111111111111111111111112,ESIM,3zJ7RxtzPahndBTEn5PGUyo9xBMv6MJP9J4TPqdFpump,256997.91,294428.38,2011132.27,27471865.23,3,6,9,1,2,400,20000
390,6ogzHhzdrQr9Pgv6hZ2MNze7UrzBMAFyBBWUYp1Fhitx-So11111111111111111111111111111111111111112,RETARDIO-WSOL,RETARDIO,6ogzHhzdrQr9Pgv6hZ2MNze7UrzBMAFyBBWUYp1Fhitx,WSOL,So11111111111111111111111111111111111111112,1100715.42,304014.03,2233518.7,8975907.51,2,22,24,1,2,400,20000
391,So11111111111111111111111111111111111111112-E1jCTXdkMRoawoWoqfbhiNkkLbxcSHPssMo36U84pump,WSOL-GFM,WSOL,So11111111111111111111111111111111111111112,GFM,E1jCTXdkMRoawoWoqfbhiNkkLbxcSHPssMo36U84pump,639929.95,319714.59,2971060.19,18392090.65,3,17,20,1,2,400,20000
392,7XJiwLDrjzxDYdZipnJXzpr1iDTmK55XixSFAa7JgNEL-So11111111111111111111111111111111111111112,MLG-WSOL,MLG,7XJiwLDrjzxDYdZipnJXzpr1iDTmK55XixSFAa7JgNEL,WSOL,So11111111111111111111111111111111111111112,623722.91,330081.97,1545617.21,6297694.74,2,19,21,1,2,400,20000
393,So11111111111111111111111111111111111111112-Cy1GS2FqefgaMbi45UunrUzin1rfEmTUYnomddzBpump,WSOL-MOBY,WSOL,So11111111111111111111111111111111111111112,MOBY,Cy1GS2FqefgaMbi45UunrUzin1rfEmTUYnomddzBpump,692367.91,339316.41,3066424.22,16598315.52,2,39,41,1,2,400,20000
394,8wXtPeU6557ETkp9WHFY1n1EcU6NxDvbAggHGsMYiHsB-So11111111111111111111111111111111111111112,GME-WSOL,GME,8wXtPeU6557ETkp9WHFY1n1EcU6NxDvbAggHGsMYiHsB,WSOL,So11111111111111111111111111111111111111112,2777801.57,346857.0,3136720.33,18622192.83,2,32,34,1,2,400,20000
395,So11111111111111111111111111111111111111112-5SVG3T9CNQsm2kEwzbRq6hASqh1oGfjqTtLXYUibpump,WSOL-SIGMA,WSOL,So11111111111111111111111111111111111111112,SIGMA,5SVG3T9CNQsm2kEwzbRq6hASqh1oGfjqTtLXYUibpump,1198110.19,348234.94,2765913.53,9919239.57,2,14,16,1,2,400,20000
396,So11111111111111111111111111111111111111112-AxGAbdFtdbj2oNXa4dKqFvwHzgFtW9mFHWmd7vQfpump,WSOL-HAT,WSOL,So11111111111111111111111111111111111111112,HAT,AxGAbdFtdbj2oNXa4dKqFvwHzgFtW9mFHWmd7vQfpump,418842.67,368522.66,1707916.09,5569098.83,2,9,11,1,2,400,20000
397,So11111111111111111111111111111111111111112-AxriehR6Xw3adzHopnvMn7GcpRFcD41ddpiTWMg6pump,WSOL-jailstool,WSOL,So11111111111111111111111111111111111111112,jailstool,AxriehR6Xw3adzHopnvMn7GcpRFcD41ddpiTWMg6pump,1354486.48,385129.07,5414145.6,17726109.43,3,38,41,1,2,400,20000
398,8Ki8DpuWNxu9VsS3kQbarsCWMcFGWkzzA8pUPto9zBd5-So11111111111111111111111111111111111111112,LOCKIN-WSOL,LOCKIN,8Ki8DpuWNxu9VsS3kQbarsCWMcFGWkzzA8pUPto9zBd5,WSOL,So11111111111111111111111111111111111111112,698743.99,389500.97,1805727.14,5481582.6,2,19,21,1,2,400,20000
399,So11111111111111111111111111111111111111112-4FkNq8RcCYg4ZGDWh14scJ7ej3m5vMjYTcWoJVkupump,WSOL-LUMO,WSOL,So11111111111111111111111111111111111111112,LUMO,4FkNq8RcCYg4ZGDWh14scJ7ej3m5vMjYTcWoJVkupump,405790.75,437079.7,1893211.54,5205023.64,3,15,18,1,2,400,20000
400,So11111111111111111111111111111111111111112-8NNXWrWVctNw1UFeaBypffimTdcLCcD8XJzHvYsmgwpF,WSOL-BRAINLET,WSOL,So11111111111111111111111111111111111111112,BRAINLET,8NNXWrWVctNw1UFeaBypffimTdcLCcD8XJzHvYsmgwpF,397408.86,483985.95,3005437.53,3971501.67,5,22,27,1,2,400,20000
401,So11111111111111111111111111111111111111112-7ZqzGzTNg5tjK1CHTBdGFHyKjBtXdfvAobuGgdt4pump,WSOL-BARSIK,WSOL,So11111111111111111111111111111111111111112,BARSIK,7ZqzGzTNg5tjK1CHTBdGFHyKjBtXdfvAobuGgdt4pump,355327.17,485427.41,2932248.47,4026828.35,2,10,12,1,2,400,20000
402,So11111111111111111111111111111111111111112-FHKiJEg2zmhv9DEeaXMSZa7R4P8BPFX5VTRrzrtJpump,WSOL-HIBER,WSOL,So11111111111111111111111111111111111111112,HIBER,FHKiJEg2zmhv9DEeaXMSZa7R4P8BPFX5VTRrzrtJpump,359053.82,489083.13,3282409.5,8407791.44,1,6,7,1,2,400,20000
403,So11111111111111111111111111111111111111112-ZEUS1aR7aX8DFFJf5QjWj2ftDDdNTroMNGo8YoQm3Gq,WSOL-ZEUS,WSOL,So11111111111111111111111111111111111111112,ZEUS,ZEUS1aR7aX8DFFJf5QjWj2ftDDdNTroMNGo8YoQm3Gq,567607.97,501466.49,6948619.6,30210703.71,1,22,23,1,2,400,20000
404,Hax9LTgsQkze1YFychnBLtFH8gYbQKtKfWKKg2SP6gdD-So11111111111111111111111111111111111111112,TAI-WSOL,TAI,Hax9LTgsQkze1YFychnBLtFH8gYbQKtKfWKKg2SP6gdD,WSOL,So11111111111111111111111111111111111111112,679774.92,517979.04,4039070.37,15360617.98,2,0,2,1,2,400,20000
405,y1AZt42vceCmStjW4zetK3VoNarC1VxJ5iDjpiupump-So11111111111111111111111111111111111111112,FARTBOY-WSOL,FARTBOY,y1AZt42vceCmStjW4zetK3VoNarC1VxJ5iDjpiupump,WSOL,So11111111111111111111111111111111111111112,794094.75,523618.34,4664107.52,19239237.63,1,6,7,1,2,400,20000
406,So11111111111111111111111111111111111111112-C7heQqfNzdMbUFQwcHkL9FvdwsFsDRBnfwZDDyWYCLTZ,WSOL-$COLLAT,WSOL,So11111111111111111111111111111111111111112,$COLLAT,C7heQqfNzdMbUFQwcHkL9FvdwsFsDRBnfwZDDyWYCLTZ,843732.42,524503.1,5277401.46,24214733.59,2,20,22,1,2,400,20000
407,So11111111111111111111111111111111111111112-9gyfbPVwwZx4y1hotNSLcqXCQNpNqqz6ZRvo8yTLpump,WSOL-YZY,WSOL,So11111111111111111111111111111111111111112,YZY,9gyfbPVwwZx4y1hotNSLcqXCQNpNqqz6ZRvo8yTLpump,484901.07,530358.37,4762056.81,110837465.08,3,18,21,1,2,400,20000
408,So11111111111111111111111111111111111111112-F9TgEJLLRUKDRF16HgjUCdJfJ5BK6ucyiW8uJxVPpump,WSOL-AGiXT,WSOL,So11111111111111111111111111111111111111112,AGiXT,F9TgEJLLRUKDRF16HgjUCdJfJ5BK6ucyiW8uJxVPpump,779109.84,566108.6,4065782.1,21439159.26,2,17,19,1,2,400,20000
409,So11111111111111111111111111111111111111112-H4phNbsqjV5rqk8u6FUACTLB6rNZRTAPGnBb8KXJpump,WSOL-SSE,WSOL,So11111111111111111111111111111111111111112,SSE,H4phNbsqjV5rqk8u6FUACTLB6rNZRTAPGnBb8KXJpump,818368.56,600069.05,5826691.69,35619063.82,2,21,23,1,2,400,20000
410,So11111111111111111111111111111111111111112-6D7NaB2xsLd7cauWu1wKk6KBsJohJmP2qZH9GEfVi5Ui,WSOL-SC,WSOL,So11111111111111111111111111111111111111112,SC,6D7NaB2xsLd7cauWu1wKk6KBsJohJmP2qZH9GEfVi5Ui,684310.46,612090.31,953653.02,1509377.37,1,13,14,1,2,400,20000
411,7BgBvyjrZX1YKz4oh9mjb8ZScatkkwb8DzFx7LoiVkM3-So11111111111111111111111111111111111111112,SLERF-WSOL,SLERF,7BgBvyjrZX1YKz4oh9mjb8ZScatkkwb8DzFx7LoiVkM3,WSOL,So11111111111111111111111111111111111111112,33091782.6,631236.44,7943676.27,19288088.71,2,0,2,1,2,400,20000
412,So11111111111111111111111111111111111111112-C3DwDjT17gDvvCYC2nsdGHxDHVmQRdhKfpAdqQ29pump,WSOL-RFC,WSOL,So11111111111111111111111111111111111111112,RFC,C3DwDjT17gDvvCYC2nsdGHxDHVmQRdhKfpAdqQ29pump,239084.64,633828.82,2932277.51,6990628.98,3,20,23,1,2,400,20000
413,So11111111111111111111111111111111111111112-9McvH6w97oewLmPxqQEoHUAv3u5iYMyQ9AeZZhguYf1T,WSOL-Anon,WSOL,So11111111111111111111111111111111111111112,Anon,9McvH6w97oewLmPxqQEoHUAv3u5iYMyQ9AeZZhguYf1T,1114102.17,666195.32,5649884.57,26814250.86,3,24,27,1,2,400,20000
414,So11111111111111111111111111111111111111112-9DHe3pycTuymFk4H4bbPoAJ4hQrr2kaLDF6J6aAKpump,WSOL-BUZZ,WSOL,So11111111111111111111111111111111111111112,BUZZ,9DHe3pycTuymFk4H4bbPoAJ4hQrr2kaLDF6J6aAKpump,1160500.38,694982.72,11877020.49,38293072.13,2,30,32,1,2,400,20000
415,So11111111111111111111111111111111111111112-GekTNfm84QfyP2GdAHZ5AgACBRd69aNmgA5FDhZupump,WSOL-GRIFT,WSOL,So11111111111111111111111111111111111111112,GRIFT,GekTNfm84QfyP2GdAHZ5AgACBRd69aNmgA5FDhZupump,1250593.15,707264.33,4173624.49,15780889.46,2,17,19,1,2,400,20000
416,So11111111111111111111111111111111111111112-Dfh5DzRgSvvCFDoYc2ciTkMrbDfRKybA4SoFbPmApump,WSOL-pippin,WSOL,So11111111111111111111111111111111111111112,pippin,Dfh5DzRgSvvCFDoYc2ciTkMrbDfRKybA4SoFbPmApump,1485094.83,734683.96,3625902.56,16314216.56,2,22,24,1,2,400,20000
417,So11111111111111111111111111111111111111112-5mbK36SZ7J19An8jFochhQS4of8g6BwUjbeCSxBSoWdp,WSOL-$michi,WSOL,So11111111111111111111111111111111111111112,$michi,5mbK36SZ7J19An8jFochhQS4of8g6BwUjbeCSxBSoWdp,2280850.42,801952.17,5775100.71,19028654.93,3,19,22,1,2,400,20000
418,hntyVP6YFm1Hg25TN9WGLqM12b8TQmcknKrdu1oxWux-So11111111111111111111111111111111111111112,HNT-WSOL,HNT,hntyVP6YFm1Hg25TN9WGLqM12b8TQmcknKrdu1oxWux,WSOL,So11111111111111111111111111111111111111112,1534204.88,815387.13,3180384.25,5946393.11,2,6,8,1,2,400,20000
419,So11111111111111111111111111111111111111112-CreiuhfwdWCN5mJbMJtA9bBpYQrQF2tCBuZwSPWfpump,WSOL-PYTHIA,WSOL,So11111111111111111111111111111111111111112,PYTHIA,CreiuhfwdWCN5mJbMJtA9bBpYQrQF2tCBuZwSPWfpump,916839.77,827612.96,5687924.71,28496914.01,2,13,15,1,2,400,20000
420,So11111111111111111111111111111111111111112-Hjw6bEcHtbHGpQr8onG3izfJY5DJiWdt7uk2BfdSpump,WSOL-SNAI,WSOL,So11111111111111111111111111111111111111112,SNAI,Hjw6bEcHtbHGpQr8onG3izfJY5DJiWdt7uk2BfdSpump,1495427.57,911628.06,6113985.65,33319823.74,3,20,23,1,2,400,20000
421,So11111111111111111111111111111111111111112-8x5VqbHA8D7NkD52uNuS5nnt3PwA8pLD34ymskeSo2Wn,WSOL-ZEREBRO,WSOL,So11111111111111111111111111111111111111112,ZEREBRO,8x5VqbHA8D7NkD52uNuS5nnt3PwA8pLD34ymskeSo2Wn,1662085.11,919386.84,5943509.87,28666797.81,3,29,32,1,2,400,20000
422,So11111111111111111111111111111111111111112-FeR8VBqNRSUD5NtXAj2n3j1dAHkZHfyDktKuLXD4pump,WSOL-jellyjelly,WSOL,So11111111111111111111111111111111111111112,jellyjelly,FeR8VBqNRSUD5NtXAj2n3j1dAHkZHfyDktKuLXD4pump,1528218.9,982153.84,6867146.51,232102488.06,3,44,47,1,2,400,20000
423,So11111111111111111111111111111111111111112-5LJMJyR8MtAkbtpf8kFUV7S9oFG3xaGDdcnFxYt9pump,WSOL-FAT,WSOL,So11111111111111111111111111111111111111112,FAT,5LJMJyR8MtAkbtpf8kFUV7S9oFG3xaGDdcnFxYt9pump,800086.46,994204.09,13128742.02,71251261.0,2,11,13,1,2,400,20000
424,BUhS5coXEt9hcxN3JSpGYUWSKbNo96RsKu52LcMo12rf-So11111111111111111111111111111111111111112,meow-WSOL,meow,BUhS5coXEt9hcxN3JSpGYUWSKbNo96RsKu52LcMo12rf,WSOL,So11111111111111111111111111111111111111112,1215344.45,1056077.47,2655708.65,15659989.99,2,0,2,1,2,400,20000
425,So11111111111111111111111111111111111111112-Zc4uJVrHC2APe9qKwBD11Gg4BbvQr3naM8f7Wiopump,WSOL-pep ,WSOL,So11111111111111111111111111111111111111112,pep ,Zc4uJVrHC2APe9qKwBD11Gg4BbvQr3naM8f7Wiopump,312235.14,1098804.43,4074105.36,9138028.86,3,16,19,1,2,400,20000
426,So11111111111111111111111111111111111111112-rndrizKT3MK1iimdxRdWabcF7Zg7AR5T4nud4EkHBof,WSOL-RENDER,WSOL,So11111111111111111111111111111111111111112,RENDER,rndrizKT3MK1iimdxRdWabcF7Zg7AR5T4nud4EkHBof,1296970.25,1110035.66,9496760.66,26386794.67,2,8,10,1,2,400,20000
427,So11111111111111111111111111111111111111112-CboMcTUYUcy9E6B3yGdFn6aEsGUnYV6yWeoeukw6pump,WSOL-Butthole,WSOL,So11111111111111111111111111111111111111112,Butthole,CboMcTUYUcy9E6B3yGdFn6aEsGUnYV6yWeoeukw6pump,1094663.74,1129602.27,7693450.93,21385477.28,2,12,14,1,2,400,20000
428,So11111111111111111111111111111111111111112-HK6hRLHB9orDKK5MffpCKxdLLRqiaqqUxN2vEoQQpump,WSOL-yee,WSOL,So11111111111111111111111111111111111111112,yee,HK6hRLHB9orDKK5MffpCKxdLLRqiaqqUxN2vEoQQpump,149822.38,1140351.23,7468865.3,7468904.56,1,4,5,1,2,400,20000
429,zBTCug3er3tLyffELcvDNrKkCymbPWysGcWihESYfLg-EPjFWdd5AufqSSqeM2qN1xzybapC8G4wEGGkZwyTDt1v,zBTC-USDC,zBTC,zBTCug3er3tLyffELcvDNrKkCymbPWysGcWihESYfLg,USDC,EPjFWdd5AufqSSqeM2qN1xzybapC8G4wEGGkZwyTDt1v,245538.18,1148822.78,9030346.5,13045933.25,1,2,3,1,2,400,20000
430,So11111111111111111111111111111111111111112-CBdCxKo9QavR9hfShgpEBG3zekorAeD7W1jfq2o3pump,WSOL-LUCE,WSOL,So11111111111111111111111111111111111111112,LUCE,CBdCxKo9QavR9hfShgpEBG3zekorAeD7W1jfq2o3pump,2151498.91,1208975.44,15690389.87,33694536.66,2,29,31,1,2,400,20000
431,So11111111111111111111111111111111111111112-FWAr6oWa6CHg6WUcXu8CqkmsdbhtEqL8t31QTonppump,WSOL-PVS,WSOL,So11111111111111111111111111111111111111112,PVS,FWAr6oWa6CHg6WUcXu8CqkmsdbhtEqL8t31QTonppump,652429.25,1370480.61,10027410.87,72127397.72,2,12,14,1,2,400,20000
432,mtnc7NNSpAJuvYNmayXU63WhWZGgFzwQ2yeYWqemeta-EPjFWdd5AufqSSqeM2qN1xzybapC8G4wEGGkZwyTDt1v,MTN-USDC,MTN,mtnc7NNSpAJuvYNmayXU63WhWZGgFzwQ2yeYWqemeta,USDC,EPjFWdd5AufqSSqeM2qN1xzybapC8G4wEGGkZwyTDt1v,1228834.77,1405153.15,11251442.52,11251442.52,2,2,4,1,2,400,20000
433,So11111111111111111111111111111111111111112-Grass7B4RdKfBCjTKgSqnXkqjwiGvQyFbuSCUJr3XXjs,WSOL-GRASS,WSOL,So11111111111111111111111111111111111111112,GRASS,Grass7B4RdKfBCjTKgSqnXkqjwiGvQyFbuSCUJr3XXjs,1439581.94,1608263.38,10299144.89,51668078.83,5,32,37,1,2,400,20000
434,So11111111111111111111111111111111111111112-zBTCug3er3tLyffELcvDNrKkCymbPWysGcWihESYfLg,WSOL-zBTC,WSOL,So11111111111111111111111111111111111111112,zBTC,zBTCug3er3tLyffELcvDNrKkCymbPWysGcWihESYfLg,328570.67,2197176.7,11697424.88,15746978.29,1,5,6,1,2,400,20000
435,So11111111111111111111111111111111111111112-eL5fUxj2J4CiQsmW85k5FG9DvuQjjUoBHoQBi2Kpump,WSOL-UFD,WSOL,So11111111111111111111111111111111111111112,UFD,eL5fUxj2J4CiQsmW85k5FG9DvuQjjUoBHoQBi2Kpump,2418656.87,2251447.75,9264214.78,33659129.33,3,40,43,1,2,400,20000
436,So11111111111111111111111111111111111111112-6NcdiK8B5KK2DzKvzvCfqi8EHaEqu48fyEzC8Mm9pump,WSOL-STONKS,WSOL,So11111111111111111111111111111111111111112,STONKS,6NcdiK8B5KK2DzKvzvCfqi8EHaEqu48fyEzC8Mm9pump,2402118.97,2390740.77,9234646.9,32388105.62,3,19,22,1,2,400,20000
437,So11111111111111111111111111111111111111112-FasH397CeZLNYWkd3wWK9vrmjd1z93n3b59DssRXpump,WSOL-BUTTCOIN,WSOL,So11111111111111111111111111111111111111112,BUTTCOIN,FasH397CeZLNYWkd3wWK9vrmjd1z93n3b59DssRXpump,1521384.71,3139689.6,34720229.59,84053215.88,2,13,15,1,2,400,20000
438,So11111111111111111111111111111111111111112-CniPCE4b3s8gSUPhUiyMjXnytrEqUrMfSsnbBjLCpump,WSOL-pwease,WSOL,So11111111111111111111111111111111111111112,pwease,CniPCE4b3s8gSUPhUiyMjXnytrEqUrMfSsnbBjLCpump,771624.39,3167716.22,17389260.55,121209291.9,2,21,23,1,2,400,20000
439,So11111111111111111111111111111111111111112-Hg8bKz4mvs8KNj9zew1cEF9tDw1x2GViB4RFZjVEmfrD,WSOL-,WSOL,So11111111111111111111111111111111111111112,,Hg8bKz4mvs8KNj9zew1cEF9tDw1x2GViB4RFZjVEmfrD,21209719.93,3368193.1,64094597.42,202241294.38,6,0,6,1,2,400,20000
440,25hAyBQfoDhfWx9ay6rarbgvWGwDdNqcHsXS3jQ3mTDJ-So11111111111111111111111111111111111111112,MANEKI-WSOL,MANEKI,25hAyBQfoDhfWx9ay6rarbgvWGwDdNqcHsXS3jQ3mTDJ,WSOL,So11111111111111111111111111111111111111112,8663673.12,4854711.95,25418183.24,27975704.18,2,15,17,1,2,400,20000
441,So11111111111111111111111111111111111111112-FtUEW73K6vEYHfbkfpdBZfWpxgQar2HipGdbutEhpump,WSOL-titcoin,WSOL,So11111111111111111111111111111111111111112,titcoin,FtUEW73K6vEYHfbkfpdBZfWpxgQar2HipGdbutEhpump,1180858.98,5296715.42,45683023.09,178879194.19,2,15,17,1,2,400,20000
442,EPjFWdd5AufqSSqeM2qN1xzybapC8G4wEGGkZwyTDt1v-HzwqbKZw8HxMN6bF2yFZNrht3c2iXXzpKcFu7uBEDKtr,USDC-EURC,USDC,EPjFWdd5AufqSSqeM2qN1xzybapC8G4wEGGkZwyTDt1v,EURC,HzwqbKZw8HxMN6bF2yFZNrht3c2iXXzpKcFu7uBEDKtr,1213986.94,9421950.12,94583691.43,218001076.6,1,8,9,1,2,400,20000
443,So11111111111111111111111111111111111111112-HzwqbKZw8HxMN6bF2yFZNrht3c2iXXzpKcFu7uBEDKtr,WSOL-EURC,WSOL,So11111111111111111111111111111111111111112,EURC,HzwqbKZw8HxMN6bF2yFZNrht3c2iXXzpKcFu7uBEDKtr,1211946.25,9658863.28,57756527.13,98518023.65,2,3,5,1,2,400,20000
